#Model: R* = 1050.0000   M* = 0.7000  L* = 3.0000e+04  C/O = 1.4000
#r/R*           	r(cm)           	rho(g/cm3)      	p(dyn/cm2)      	T_gas(K)        	T_dust(K)       	v(cm/s)         
1.0000000000e+00	7.2901900000e+13	7.1784800000e-11	9.6254077121e+00	2.7996954363e+03	2.8981572391e+03	9.6721600000e+01
1.0115790000e+00	7.3746100000e+13	6.5154450000e-11	6.2225327864e+00	2.8215746009e+03	2.8859446303e+03	7.6971820000e+01
1.0232930000e+00	7.4599990000e+13	5.8495260000e-11	4.9011905887e+00	2.8145827263e+03	2.8730724225e+03	7.7076400000e+01
1.0351420000e+00	7.5463820000e+13	5.2364070000e-11	4.1068161906e+00	2.7993977634e+03	2.8601851939e+03	8.4139040000e+01
1.0471290000e+00	7.6337690000e+13	4.5311580000e-11	3.4096110709e+00	2.7818939148e+03	2.8479170424e+03	9.5077710000e+01
1.0592540000e+00	7.7221590000e+13	3.8591230000e-11	2.8163568200e+00	2.7644130472e+03	2.8365363292e+03	1.0919960000e+02
1.0715190000e+00	7.8115820000e+13	3.2527460000e-11	2.3168755234e+00	2.7477972419e+03	2.8261144498e+03	1.2653710000e+02
1.0839270000e+00	7.9020320000e+13	2.7238460000e-11	1.9016187649e+00	2.7324223679e+03	2.8166406446e+03	1.4756900000e+02
1.0964780000e+00	7.9935320000e+13	2.2737790000e-11	1.5604761869e+00	2.7183778907e+03	2.8080499967e+03	1.7303190000e+02
1.1091750000e+00	8.0860930000e+13	1.8908360000e-11	1.2778508540e+00	2.7056267593e+03	2.8002602917e+03	2.0329330000e+02
1.1220180000e+00	8.1797270000e+13	1.5669480000e-11	1.0445767797e+00	2.6940814751e+03	2.7931886361e+03	2.3920490000e+02
1.1350110000e+00	8.2744440000e+13	1.3000330000e-11	8.5575422748e-01	2.6836109882e+03	2.7867498028e+03	2.8238720000e+02
1.1481540000e+00	8.3702590000e+13	1.0762640000e-11	7.0012650683e-01	2.6740623711e+03	2.7808624720e+03	3.3345620000e+02
1.1614490000e+00	8.4671780000e+13	8.8943940000e-12	5.7224888819e-01	2.6652989772e+03	2.7754582284e+03	3.9367880000e+02
1.1748980000e+00	8.5652230000e+13	7.3571830000e-12	4.6836220040e-01	2.6571759269e+03	2.7704737134e+03	4.6543790000e+02
1.1885020000e+00	8.6644060000e+13	6.0851090000e-12	3.8348742729e-01	2.6495498282e+03	2.7658536084e+03	5.5049290000e+02
1.2022640000e+00	8.7647370000e+13	5.0443680000e-12	3.1481534436e-01	2.6422840985e+03	2.7615504609e+03	6.5210580000e+02
1.2161860000e+00	8.8662260000e+13	4.1816260000e-12	2.5852490271e-01	2.6352507046e+03	2.7575239005e+03	7.7254060000e+02
1.2302690000e+00	8.9688920000e+13	3.4530280000e-12	2.1155403932e-01	2.6283513643e+03	2.7537413793e+03	9.1269760000e+02
1.2445150000e+00	9.0727500000e+13	2.8469670000e-12	1.7289977501e-01	2.6215152306e+03	2.7501758346e+03	1.0765130000e+03
1.2589250000e+00	9.1778040000e+13	2.3488070000e-12	1.4143262719e-01	2.6146850321e+03	2.7468033736e+03	1.2692160000e+03
1.2735030000e+00	9.2840830000e+13	1.9509360000e-12	1.1647838364e-01	2.6078006509e+03	2.7436012554e+03	1.5022200000e+03
1.2882500000e+00	9.3915860000e+13	1.6179400000e-12	9.5796628062e-02	2.6008193232e+03	2.7405517711e+03	1.7752760000e+03
1.3031670000e+00	9.5003320000e+13	1.3404600000e-12	7.8724455286e-02	2.5937334511e+03	2.7376402302e+03	2.0950960000e+03
1.3182570000e+00	9.6103410000e+13	1.1100070000e-12	6.4671742050e-02	2.5865539228e+03	2.7348540673e+03	2.4694600000e+03
1.3335210000e+00	9.7216260000e+13	9.1906780000e-13	5.3127690895e-02	2.5793065164e+03	2.7321826622e+03	2.9074890000e+03
1.3489630000e+00	9.8341940000e+13	7.6107760000e-13	4.3655975926e-02	2.5720285408e+03	2.7296169882e+03	3.4200030000e+03
1.3645830000e+00	9.9480670000e+13	6.3042970000e-13	3.5888023632e-02	2.5647636320e+03	2.7271487617e+03	4.0199120000e+03
1.3803840000e+00	1.0063260000e+14	5.2477410000e-13	2.9647996938e-02	2.5575511640e+03	2.7247708953e+03	4.7342280000e+03
1.3963680000e+00	1.0179760000e+14	4.3682680000e-13	2.4496177784e-02	2.5504285985e+03	2.7224779171e+03	5.5701360000e+03
1.4125380000e+00	1.0297690000e+14	3.6367170000e-13	2.0243677120e-02	2.5434279376e+03	2.7202614923e+03	6.5469290000e+03
1.4288940000e+00	1.0416940000e+14	3.0285540000e-13	1.6735685168e-02	2.5365987945e+03	2.7181209976e+03	7.6880490000e+03
1.4454400000e+00	1.0537540000e+14	2.5231990000e-13	1.3842452538e-02	2.5299693773e+03	2.7160509558e+03	9.0202990000e+03
1.4621770000e+00	1.0659530000e+14	2.1031220000e-13	1.1456305549e-02	2.5235619990e+03	2.7140469640e+03	1.0575980000e+04
1.4791080000e+00	1.0782990000e+14	1.7539830000e-13	9.4874672702e-03	2.5173895468e+03	2.7121042061e+03	1.2390770000e+04
1.4962360000e+00	1.0907880000e+14	1.4636510000e-13	7.8624212991e-03	2.5114671294e+03	2.7102212372e+03	1.4507980000e+04
1.5135610000e+00	1.1034160000e+14	1.2220680000e-13	6.5199863943e-03	2.5058018169e+03	2.7083959529e+03	1.6976650000e+04
1.5310870000e+00	1.1161910000e+14	1.0209570000e-13	5.4101453851e-03	2.5003879692e+03	2.7066238260e+03	1.9854290000e+04
1.5488170000e+00	1.1291130000e+14	8.5329680000e-14	4.4917162174e-03	2.4952228258e+03	2.7049030808e+03	2.3210100000e+04
1.5667510000e+00	1.1421890000e+14	7.1339590000e-14	3.7307859440e-03	2.4902960111e+03	2.7032302592e+03	2.7123710000e+04
1.5848930000e+00	1.1554160000e+14	5.9664210000e-14	3.1001411343e-03	2.4856016735e+03	2.7016045237e+03	3.1684150000e+04
1.6032450000e+00	1.1687920000e+14	4.9922670000e-14	2.5775870724e-03	2.4811303990e+03	2.7000243044e+03	3.6989410000e+04
1.6218100000e+00	1.1823310000e+14	4.1803600000e-14	2.1449007059e-03	2.4768643279e+03	2.6984852549e+03	4.3140150000e+04
1.6405900000e+00	1.1960220000e+14	3.5053880000e-14	1.7874387755e-03	2.4728007612e+03	2.6969887590e+03	5.0227870000e+04
1.6595870000e+00	1.2098690000e+14	2.9463720000e-14	1.4930406030e-03	2.4689258054e+03	2.6955320299e+03	5.8318890000e+04
1.6788040000e+00	1.2238760000e+14	2.4854170000e-14	1.2514071866e-03	2.4652281843e+03	2.6941132685e+03	6.7442080000e+04
1.6982440000e+00	1.2380550000e+14	2.1090630000e-14	1.0549931236e-03	2.4616937236e+03	2.6927295229e+03	7.7635770000e+04
1.7179080000e+00	1.2523880000e+14	1.8032950000e-14	8.9592757847e-04	2.4583213933e+03	2.6913833020e+03	8.8858490000e+04
1.7378010000e+00	1.2668870000e+14	1.5517810000e-14	7.6555270162e-04	2.4550932998e+03	2.6900704753e+03	1.0098820000e+05
1.7579240000e+00	1.2815590000e+14	1.3442130000e-14	6.5837382421e-04	2.4519992836e+03	2.6887895472e+03	1.1394370000e+05
1.7782790000e+00	1.2964000000e+14	1.1721180000e-14	5.6985086055e-04	2.4490333939e+03	2.6875405087e+03	1.2763930000e+05
1.7988710000e+00	1.3114080000e+14	1.0287540000e-14	4.9639870913e-04	2.4461878095e+03	2.6863223490e+03	1.4197340000e+05
1.8197010000e+00	1.3266000000e+14	9.0862810000e-15	4.3508154851e-04	2.4434488774e+03	2.6851314036e+03	1.5685300000e+05
1.8407720000e+00	1.3419580000e+14	8.0937430000e-15	3.8453158071e-04	2.4408183119e+03	2.6839700187e+03	1.7223320000e+05
1.8620870000e+00	1.3574950000e+14	7.2479130000e-15	3.4167649020e-04	2.4382824041e+03	2.6828341208e+03	1.8804140000e+05
1.8836490000e+00	1.3732170000e+14	6.5224300000e-15	3.0506463620e-04	2.4358354674e+03	2.6817222049e+03	2.0416160000e+05
1.9054610000e+00	1.3891130000e+14	5.8960380000e-15	2.7359152017e-04	2.4334774886e+03	2.6806344618e+03	2.2046440000e+05
1.9275250000e+00	1.4051990000e+14	5.3669590000e-15	2.4710113255e-04	2.4311968098e+03	2.6795662637e+03	2.3683500000e+05
1.9498450000e+00	1.4214780000e+14	4.9036570000e-15	2.2401523694e-04	2.4289900236e+03	2.6785156912e+03	2.5341570000e+05
1.9724230000e+00	1.4379350000e+14	4.4964340000e-15	2.0383087930e-04	2.4268584513e+03	2.6774817484e+03	2.7012300000e+05
1.9952620000e+00	1.4545810000e+14	4.1367080000e-15	1.8609250363e-04	2.4247929515e+03	2.6764582856e+03	2.8692040000e+05
2.0183660000e+00	1.4714260000e+14	3.8161960000e-15	1.7036804813e-04	2.4227890648e+03	2.6754393732e+03	3.0377240000e+05
2.0417380000e+00	1.4884690000e+14	3.5326510000e-15	1.5652341451e-04	2.4208457395e+03	2.6744185100e+03	3.2062770000e+05
2.0653800000e+00	1.5057050000e+14	3.2847790000e-15	1.4446475544e-04	2.4189608233e+03	2.6733862089e+03	3.3742060000e+05
2.0892960000e+00	1.5231370000e+14	3.0573340000e-15	1.3347464873e-04	2.4171302284e+03	2.6723279245e+03	3.5420580000e+05
2.1134890000e+00	1.5407700000e+14	2.8497380000e-15	1.2350323394e-04	2.4153521656e+03	2.6712237634e+03	3.7097580000e+05
2.1379620000e+00	1.5586130000e+14	2.6703720000e-15	1.1489987795e-04	2.4136233645e+03	2.6700443904e+03	3.8753920000e+05
2.1627190000e+00	1.5766640000e+14	2.4971330000e-15	1.0667795321e-04	2.4119460545e+03	2.6687499785e+03	4.0417220000e+05
2.1877620000e+00	1.5949200000e+14	2.3508950000e-15	9.9729567917e-05	2.4103214811e+03	2.6672804563e+03	4.2046830000e+05
2.2130950000e+00	1.6133880000e+14	2.2067720000e-15	9.2961427051e-05	2.4087488040e+03	2.6655462685e+03	4.3685930000e+05
2.2387210000e+00	1.6320690000e+14	2.0850560000e-15	8.7231546196e-05	2.4072286994e+03	2.6634131056e+03	4.5284700000e+05
2.2646440000e+00	1.6509660000e+14	1.9619320000e-15	8.1513596595e-05	2.4057559918e+03	2.6606795850e+03	4.6901980000e+05
2.2908680000e+00	1.6700850000e+14	1.8609440000e-15	7.6798881494e-05	2.4043121400e+03	2.6570309025e+03	4.8458830000e+05
2.3173950000e+00	1.6894250000e+14	1.7594840000e-15	7.2120903758e-05	2.4028540187e+03	2.6519897222e+03	5.0031360000e+05
2.3442290000e+00	1.7089880000e+14	1.6686760000e-15	6.7943192562e-05	2.4012881122e+03	2.6448455253e+03	5.1569580000e+05
2.3713740000e+00	1.7287790000e+14	1.5858110000e-15	6.4142869259e-05	2.3994319493e+03	2.6345776313e+03	5.3085680000e+05
2.3988330000e+00	1.7487980000e+14	1.5019870000e-15	6.0346975872e-05	2.3969699982e+03	2.6199703109e+03	5.4619320000e+05
2.4266100000e+00	1.7690480000e+14	1.4333080000e-15	5.7216348427e-05	2.3933942786e+03	2.5998689406e+03	5.6075890000e+05
2.4547090000e+00	1.7895310000e+14	1.3654950000e-15	5.4155422873e-05	2.3879780097e+03	2.5738721896e+03	5.7539550000e+05
2.4831330000e+00	1.8102520000e+14	1.2968960000e-15	5.1096780585e-05	2.3798564801e+03	2.5428750682e+03	5.9020170000e+05
2.5118860000e+00	1.8312150000e+14	1.2418710000e-15	4.8619357995e-05	2.3681206563e+03	2.5081575855e+03	6.0407550000e+05
2.5409730000e+00	1.8524210000e+14	1.1868910000e-15	4.6169789132e-05	2.3519929578e+03	2.4706164673e+03	6.1805770000e+05
2.5703960000e+00	1.8738720000e+14	1.1312730000e-15	4.3721035543e-05	2.3311499951e+03	2.4308975468e+03	6.3220180000e+05
2.6001600000e+00	1.8955700000e+14	1.0836160000e-15	4.1615945156e-05	2.3057759684e+03	2.3895422009e+03	6.4565800000e+05
2.6302680000e+00	1.9175190000e+14	1.0394460000e-15	3.9670407765e-05	2.2765078177e+03	2.3471910447e+03	6.5887020000e+05
2.6607250000e+00	1.9397220000e+14	9.9476520000e-16	3.7724649144e-05	2.2443463960e+03	2.3046706338e+03	6.7223540000e+05
2.6915350000e+00	1.9621820000e+14	9.5012150000e-16	3.5800717399e-05	2.2104146674e+03	2.2627492249e+03	6.8568540000e+05
2.7227010000e+00	1.9849020000e+14	9.1497690000e-16	3.4266421075e-05	2.1755204784e+03	2.2217469331e+03	6.9802680000e+05
2.7542290000e+00	2.0078860000e+14	8.7942530000e-16	3.2731227980e-05	2.1402231956e+03	2.1817870000e+03	7.1051120000e+05
2.7861210000e+00	2.0311360000e+14	8.4346210000e-16	3.1195384215e-05	2.1050689246e+03	2.1430955558e+03	7.2314020000e+05
2.8183830000e+00	2.0546550000e+14	8.0733940000e-16	2.9669088279e-05	2.0704794094e+03	2.1058111851e+03	7.3587440000e+05
2.8510180000e+00	2.0784450000e+14	7.7933780000e-16	2.8468102755e-05	2.0365546218e+03	2.0698063867e+03	7.4739460000e+05
2.8840320000e+00	2.1025120000e+14	7.5101190000e-16	2.7266009641e-05	2.0032846533e+03	2.0349040833e+03	7.5904810000e+05
2.9174270000e+00	2.1268570000e+14	7.2235810000e-16	2.6063042990e-05	1.9707897709e+03	2.0011332539e+03	7.7083660000e+05
2.9512090000e+00	2.1514830000e+14	6.9337250000e-16	2.4859417228e-05	1.9391674014e+03	1.9685226581e+03	7.8276170000e+05
2.9853830000e+00	2.1763960000e+14	6.6818390000e-16	2.3809842801e-05	1.9084052295e+03	1.9369950728e+03	7.9399970000e+05
3.0199520000e+00	2.2015980000e+14	6.4585980000e-16	2.2876550265e-05	1.8784199469e+03	1.9063875582e+03	8.0473790000e+05
3.0549210000e+00	2.2270910000e+14	6.2327720000e-16	2.1942232522e-05	1.8491759922e+03	1.8766333321e+03	8.1560040000e+05
3.0902950000e+00	2.2528800000e+14	6.0043310000e-16	2.1007090442e-05	1.8206985647e+03	1.8477477087e+03	8.2658860000e+05
3.1260790000e+00	2.2789680000e+14	5.7732450000e-16	2.0071330565e-05	1.7930234103e+03	1.8197579256e+03	8.3770420000e+05
3.1622780000e+00	2.3053570000e+14	5.5768750000e-16	1.9271557633e-05	1.7661019806e+03	1.7925999427e+03	8.4802390000e+05
3.1988950000e+00	2.3320530000e+14	5.4010230000e-16	1.8553508602e-05	1.7398148879e+03	1.7661354010e+03	8.5789950000e+05
3.2359370000e+00	2.3590580000e+14	5.2231350000e-16	1.7834497209e-05	1.7141260640e+03	1.7403199537e+03	8.6788960000e+05
3.2734070000e+00	2.3863760000e+14	5.0431870000e-16	1.7114676098e-05	1.6890692102e+03	1.7151708651e+03	8.7799530000e+05
3.3113110000e+00	2.4140100000e+14	4.8611550000e-16	1.6394199918e-05	1.6646799756e+03	1.6907126540e+03	8.8821800000e+05
3.3496540000e+00	2.4419630000e+14	4.6838630000e-16	1.5697567289e-05	1.6409634825e+03	1.6669577669e+03	8.9835060000e+05
3.3884420000e+00	2.4702390000e+14	4.5471920000e-16	1.5150975766e-05	1.6178230036e+03	1.6438010674e+03	9.0730160000e+05
3.4276780000e+00	2.4988420000e+14	4.4089390000e-16	1.4603490136e-05	1.5951623631e+03	1.6211408984e+03	9.1635620000e+05
3.4673690000e+00	2.5277770000e+14	4.2690840000e-16	1.4055214719e-05	1.5729881395e+03	1.5989887150e+03	9.2551560000e+05
3.5075190000e+00	2.5570460000e+14	4.1276110000e-16	1.3506277174e-05	1.5513149810e+03	1.5773638014e+03	9.3478110000e+05
3.5481340000e+00	2.5866540000e+14	3.9844990000e-16	1.2956791065e-05	1.5301607137e+03	1.5562870203e+03	9.4415390000e+05
3.5892190000e+00	2.6166060000e+14	3.8421230000e-16	1.2415149647e-05	1.5095474315e+03	1.5357778488e+03	9.5354640000e+05
3.6307810000e+00	2.6469050000e+14	3.7362890000e-16	1.2004026237e-05	1.4894101806e+03	1.5157500118e+03	9.6163060000e+05
3.6728230000e+00	2.6775550000e+14	3.6292290000e-16	1.1592131960e-05	1.4696622322e+03	1.4961084566e+03	9.6980850000e+05
3.7153520000e+00	2.7085600000e+14	3.5209290000e-16	1.1179548955e-05	1.4503031163e+03	1.4768623961e+03	9.7808100000e+05
3.7583740000e+00	2.7399240000e+14	3.4113760000e-16	1.0766367716e-05	1.4313424869e+03	1.4580258319e+03	9.8644930000e+05
3.8018940000e+00	2.7716510000e+14	3.3005530000e-16	1.0352671180e-05	1.4127945995e+03	1.4396155878e+03	9.9491450000e+05
3.8459180000e+00	2.8037460000e+14	3.1884480000e-16	9.9385596244e-06	1.3946850229e+03	1.4216511826e+03	1.0034780000e+06
3.8904510000e+00	2.8362120000e+14	3.0855540000e-16	9.5590005494e-06	1.3770179962e+03	1.4041259731e+03	1.0116660000e+06
3.9355010000e+00	2.8690540000e+14	3.0040830000e-16	9.2535355273e-06	1.3597076363e+03	1.3869622440e+03	1.0189270000e+06
3.9810720000e+00	2.9022760000e+14	2.9216680000e-16	8.9474631034e-06	1.3426954842e+03	1.3701026765e+03	1.0262720000e+06
4.0271700000e+00	2.9358830000e+14	2.8382990000e-16	8.6408445500e-06	1.3259875637e+03	1.3535544258e+03	1.0337030000e+06
4.0738030000e+00	2.9698790000e+14	2.7539650000e-16	8.3337450162e-06	1.3095946892e+03	1.3373288681e+03	1.0412190000e+06
4.1209750000e+00	3.0042680000e+14	2.6686540000e-16	8.0262264348e-06	1.2935387156e+03	1.3214394831e+03	1.0488230000e+06
4.1686940000e+00	3.0390560000e+14	2.5823550000e-16	7.7183577559e-06	1.2778387989e+03	1.3059010365e+03	1.0565150000e+06
4.2169650000e+00	3.0742470000e+14	2.4950570000e-16	7.4102117789e-06	1.2625045728e+03	1.2907322045e+03	1.0642950000e+06
4.2657950000e+00	3.1098450000e+14	2.4294210000e-16	7.1740613005e-06	1.2474851742e+03	1.2758840915e+03	1.0709310000e+06
4.3151910000e+00	3.1458560000e+14	2.3672090000e-16	6.9506799687e-06	1.2327056820e+03	1.2612841215e+03	1.0774160000e+06
4.3651580000e+00	3.1822840000e+14	2.3042770000e-16	6.7268339468e-06	1.2181595620e+03	1.2469241726e+03	1.0839750000e+06
4.4157040000e+00	3.2191340000e+14	2.2406170000e-16	6.5025693108e-06	1.2038558387e+03	1.2328112727e+03	1.0906110000e+06
4.4668360000e+00	3.2564100000e+14	2.1762190000e-16	6.2779274536e-06	1.1898162976e+03	1.2189549082e+03	1.0973230000e+06
4.5185590000e+00	3.2941180000e+14	2.1110760000e-16	6.0529597403e-06	1.1760420000e+03	1.2053653623e+03	1.1041130000e+06
4.5708820000e+00	3.3322630000e+14	2.0451780000e-16	5.8277110231e-06	1.1625372497e+03	1.1920549282e+03	1.1109820000e+06
4.6238100000e+00	3.3708490000e+14	1.9785170000e-16	5.6022341002e-06	1.1493165827e+03	1.1790382436e+03	1.1179300000e+06
4.6773510000e+00	3.4098810000e+14	1.9231510000e-16	5.4133175083e-06	1.1363573146e+03	1.1662931126e+03	1.1241640000e+06
4.7315130000e+00	3.4493660000e+14	1.8767200000e-16	5.2530488302e-06	1.1235967545e+03	1.1537609039e+03	1.1298390000e+06
4.7863010000e+00	3.4893070000e+14	1.8297510000e-16	5.0924117625e-06	1.1110095600e+03	1.1414155218e+03	1.1355800000e+06
4.8417240000e+00	3.5297110000e+14	1.7822380000e-16	4.9314373721e-06	1.0986059020e+03	1.1292603213e+03	1.1413880000e+06
4.8977880000e+00	3.5705830000e+14	1.7341760000e-16	4.7701620985e-06	1.0864078806e+03	1.1173016815e+03	1.1472630000e+06
4.9545020000e+00	3.6119290000e+14	1.6855560000e-16	4.6086102614e-06	1.0744041409e+03	1.1055469189e+03	1.1532060000e+06
5.0118720000e+00	3.6537520000e+14	1.6363740000e-16	4.4468227010e-06	1.0625973761e+03	1.0940053222e+03	1.1592170000e+06
5.0699070000e+00	3.6960610000e+14	1.5866220000e-16	4.2848313427e-06	1.0509931053e+03	1.0826856865e+03	1.1652990000e+06
5.1286140000e+00	3.7388590000e+14	1.5362940000e-16	4.1226739330e-06	1.0396042595e+03	1.0715998482e+03	1.1714500000e+06
5.1880000000e+00	3.7821520000e+14	1.4917800000e-16	3.9789944769e-06	1.0284228811e+03	1.0607392302e+03	1.1771680000e+06
5.2480750000e+00	3.8259470000e+14	1.4576100000e-16	3.8664839846e-06	1.0173942090e+03	1.0500565188e+03	1.1820950000e+06
5.3088440000e+00	3.8702490000e+14	1.4230450000e-16	3.7536909018e-06	1.0064812351e+03	1.0395189458e+03	1.1870790000e+06
5.3703180000e+00	3.9150640000e+14	1.3880800000e-16	3.6406358511e-06	9.9569492021e+02	1.0291282148e+03	1.1921200000e+06
5.4325030000e+00	3.9603980000e+14	1.3527100000e-16	3.5273383575e-06	9.8504140339e+02	1.0188884650e+03	1.1972200000e+06
5.4954090000e+00	4.0062570000e+14	1.3169300000e-16	3.4138200126e-06	9.7451341061e+02	1.0088048488e+03	1.2023790000e+06
5.5590430000e+00	4.0526460000e+14	1.2807360000e-16	3.3001055398e-06	9.6411178654e+02	9.9888357198e+02	1.2075980000e+06
5.6234130000e+00	4.0995730000e+14	1.2441230000e-16	3.1862181320e-06	9.5383995104e+02	9.8913101131e+02	1.2128770000e+06
5.6885290000e+00	4.1470440000e+14	1.2070860000e-16	3.0721825059e-06	9.4370535922e+02	9.7955483193e+02	1.2182170000e+06
5.7543990000e+00	4.1950640000e+14	1.1696200000e-16	2.9580235858e-06	9.3372030280e+02	9.7016381938e+02	1.2236190000e+06
5.8210320000e+00	4.2436400000e+14	1.1342480000e-16	2.8507077710e-06	9.2389065413e+02	9.6095878982e+02	1.2288410000e+06
5.8884370000e+00	4.2927790000e+14	1.1095560000e-16	2.7735018338e-06	9.1416963817e+02	9.5190198563e+02	1.2330610000e+06
5.9566210000e+00	4.3424880000e+14	1.0845780000e-16	2.6960874390e-06	9.0451242977e+02	9.4295776396e+02	1.2373300000e+06
6.0255960000e+00	4.3927720000e+14	1.0593120000e-16	2.6184814551e-06	8.9493771142e+02	9.3412660158e+02	1.2416480000e+06
6.0953690000e+00	4.4436390000e+14	1.0337520000e-16	2.5406914835e-06	8.8544807536e+02	9.2541084409e+02	1.2460160000e+06
6.1659500000e+00	4.4950940000e+14	1.0078970000e-16	2.4627381331e-06	8.7603323685e+02	9.1681420402e+02	1.2504350000e+06
6.2373480000e+00	4.5471450000e+14	9.8174210000e-17	2.3846330664e-06	8.6669190108e+02	9.0834052995e+02	1.2549040000e+06
6.3095730000e+00	4.5997990000e+14	9.5528450000e-17	2.3063930986e-06	8.5742682412e+02	8.9999443607e+02	1.2594260000e+06
6.3826350000e+00	4.6530630000e+14	9.2852060000e-17	2.2280351714e-06	8.4824447434e+02	8.9178111182e+02	1.2640000000e+06
6.4565420000e+00	4.7069440000e+14	9.0144670000e-17	2.1495750204e-06	8.3915547684e+02	8.8370633247e+02	1.2686270000e+06
6.5313060000e+00	4.7614480000e+14	8.7405940000e-17	2.0710311762e-06	8.3017570479e+02	8.7577662814e+02	1.2733070000e+06
6.6069340000e+00	4.8165840000e+14	8.4635490000e-17	1.9924213088e-06	8.2132721960e+02	8.6799875162e+02	1.2780420000e+06
6.6834390000e+00	4.8723570000e+14	8.2777570000e-17	1.9380575423e-06	8.1257851060e+02	8.6034725813e+02	1.2817440000e+06
6.7608300000e+00	4.9287760000e+14	8.1011540000e-17	1.8864479753e-06	8.0388879592e+02	8.5278705392e+02	1.2853580000e+06
6.8391160000e+00	4.9858490000e+14	7.9225050000e-17	1.8346956641e-06	7.9527951285e+02	8.4531351436e+02	1.2890140000e+06
6.9183100000e+00	5.0435820000e+14	7.7417880000e-17	1.7828092562e-06	7.8677848252e+02	8.3792805225e+02	1.2927120000e+06
6.9984200000e+00	5.1019840000e+14	7.5589780000e-17	1.7307979866e-06	7.7841332331e+02	8.3063257079e+02	1.2964530000e+06
7.0794580000e+00	5.1610620000e+14	7.3740520000e-17	1.6786719607e-06	7.7022248382e+02	8.2342976189e+02	1.3002370000e+06
7.1614340000e+00	5.2208250000e+14	7.1869840000e-17	1.6264405076e-06	7.6225461119e+02	8.1632252563e+02	1.3040660000e+06
7.2443600000e+00	5.2812790000e+14	6.9977500000e-17	1.5741141463e-06	7.5456927545e+02	8.0931453394e+02	1.3079380000e+06
7.3282450000e+00	5.3424330000e+14	6.8063240000e-17	1.5217036585e-06	7.4723486718e+02	8.0240950134e+02	1.3118550000e+06
7.4131020000e+00	5.4042960000e+14	6.6126820000e-17	1.4692200352e-06	7.4032591385e+02	7.9561154672e+02	1.3158180000e+06
7.4989420000e+00	5.4668750000e+14	6.4167980000e-17	1.4166750739e-06	7.3391727791e+02	7.8892540754e+02	1.3198270000e+06
7.5857760000e+00	5.5301780000e+14	6.2186460000e-17	1.3640808774e-06	7.2807429738e+02	7.8235610658e+02	1.3238820000e+06
7.6736150000e+00	5.5942140000e+14	6.0481870000e-17	1.3186447313e-06	7.2280348784e+02	7.7589801824e+02	1.3275700000e+06
7.7624710000e+00	5.6589920000e+14	5.9265470000e-17	1.2852440849e-06	7.1806772982e+02	7.6952541834e+02	1.3306000000e+06
7.8523560000e+00	5.7245200000e+14	5.8034980000e-17	1.2517431349e-06	7.1390914090e+02	7.6322002812e+02	1.3336640000e+06
7.9432820000e+00	5.7908060000e+14	5.6790240000e-17	1.2181476457e-06	7.1032801391e+02	7.5698152259e+02	1.3367650000e+06
8.0352610000e+00	5.8578600000e+14	5.5531090000e-17	1.1844641761e-06	7.0727638522e+02	7.5081069264e+02	1.3399010000e+06
8.1283050000e+00	5.9256910000e+14	5.4257360000e-17	1.1506986468e-06	7.0465434677e+02	7.4470888346e+02	1.3430730000e+06
8.2224260000e+00	5.9943060000e+14	5.2968880000e-17	1.1168582858e-06	7.0231617840e+02	7.3867793779e+02	1.3462830000e+06
8.3176380000e+00	6.0637170000e+14	5.1665480000e-17	1.0829497683e-06	7.0008872040e+02	7.3271953278e+02	1.3495290000e+06
8.4139510000e+00	6.1339310000e+14	5.0346990000e-17	1.0489802812e-06	6.9780163411e+02	7.2683605022e+02	1.3528130000e+06
8.5113800000e+00	6.2049580000e+14	4.9013230000e-17	1.0149565088e-06	6.9530911040e+02	7.2102988841e+02	1.3561350000e+06
8.6099380000e+00	6.2768080000e+14	4.7664030000e-17	9.8088595083e-07	6.9251732099e+02	7.1530373309e+02	1.3594960000e+06
8.7096360000e+00	6.3494890000e+14	4.6299200000e-17	9.4677548419e-07	6.8938778642e+02	7.0966072726e+02	1.3628950000e+06
8.8104890000e+00	6.4230130000e+14	4.4918570000e-17	9.1263250134e-07	6.8592873607e+02	7.0410400685e+02	1.3663340000e+06
8.9125090000e+00	6.4973870000e+14	4.3521950000e-17	8.7846466818e-07	6.8218103754e+02	6.9863738646e+02	1.3698120000e+06
9.0157110000e+00	6.5726230000e+14	4.2364410000e-17	8.4994521815e-07	6.7818288838e+02	6.9325474007e+02	1.3729110000e+06
9.1201080000e+00	6.6487310000e+14	4.1460090000e-17	8.2725859867e-07	6.7397170135e+02	6.8793841500e+02	1.3756060000e+06
9.2257140000e+00	6.7257200000e+14	4.0545310000e-17	8.0451133733e-07	6.6958921159e+02	6.8267847436e+02	1.3783320000e+06
9.3325430000e+00	6.8036010000e+14	3.9619940000e-17	7.8170734007e-07	6.6507639095e+02	6.7747509069e+02	1.3810900000e+06
9.4406090000e+00	6.8823830000e+14	3.8683840000e-17	7.5885010237e-07	6.6046937056e+02	6.7232939916e+02	1.3838800000e+06
9.5499260000e+00	6.9620780000e+14	3.7736910000e-17	7.3594467627e-07	6.5579910323e+02	6.6724268769e+02	1.3867020000e+06
9.6605090000e+00	7.0426950000e+14	3.6779020000e-17	7.1299517882e-07	6.5109234096e+02	6.6221670133e+02	1.3895570000e+06
9.7723720000e+00	7.1242460000e+14	3.5810030000e-17	6.9000602506e-07	6.4637382643e+02	6.5725323117e+02	1.3924450000e+06
9.8855310000e+00	7.2067410000e+14	3.4829820000e-17	6.6698210483e-07	6.4166466114e+02	6.5235440303e+02	1.3953660000e+06
1.0000000000e+01	7.2901920000e+14	3.3838260000e-17	6.4392857928e-07	6.3698271990e+02	6.4752241745e+02	1.3983220000e+06
1.0115790000e+01	7.3746080000e+14	3.2938990000e-17	6.2302252938e-07	6.3233596767e+02	6.4275570692e+02	1.4010900000e+06
1.0232930000e+01	7.4600020000e+14	3.2181330000e-17	6.0524320715e-07	6.2771661763e+02	6.3804591590e+02	1.4035680000e+06
1.0351420000e+01	7.5463840000e+14	3.1414890000e-17	5.8742319073e-07	6.2312113261e+02	6.3338790329e+02	1.4060740000e+06
1.0471290000e+01	7.6337670000e+14	3.0639590000e-17	5.6956604144e-07	6.1855692176e+02	6.2878235454e+02	1.4086090000e+06
1.0592540000e+01	7.7221610000e+14	2.9855300000e-17	5.5167498824e-07	6.1403184300e+02	6.2423062185e+02	1.4111740000e+06
1.0715190000e+01	7.8115790000e+14	2.9076290000e-17	5.3404717369e-07	6.0955246318e+02	6.1973357031e+02	1.4137370000e+06
1.0839270000e+01	7.9020330000e+14	2.8419890000e-17	5.1905950949e-07	6.0511363646e+02	6.1528691343e+02	1.4160490000e+06
1.0964780000e+01	7.9935350000e+14	2.7755880000e-17	5.0403597205e-07	6.0070899218e+02	6.1088628104e+02	1.4183880000e+06
1.1091750000e+01	8.0860960000e+14	2.7084180000e-17	4.8897939340e-07	5.9634704258e+02	6.0653241996e+02	1.4207530000e+06
1.1220180000e+01	8.1797280000e+14	2.6404710000e-17	4.7389292989e-07	5.9203261817e+02	6.0222644060e+02	1.4231460000e+06
1.1350110000e+01	8.2744460000e+14	2.5717370000e-17	4.5877931835e-07	5.8777025157e+02	5.9796950964e+02	1.4255670000e+06
1.1481540000e+01	8.3702590000e+14	2.5100940000e-17	4.4519501547e-07	5.8355788220e+02	5.9375998969e+02	1.4278310000e+06
1.1614490000e+01	8.4671820000e+14	2.4529100000e-17	4.3259411621e-07	5.7938695584e+02	5.8959350821e+02	1.4299990000e+06
1.1748980000e+01	8.5652270000e+14	2.3950640000e-17	4.1996398374e-07	5.7525516795e+02	5.8546862219e+02	1.4321920000e+06
1.1885020000e+01	8.6644070000e+14	2.3365470000e-17	4.0730674435e-07	5.7116535150e+02	5.8138610167e+02	1.4344110000e+06
1.2022640000e+01	8.7647350000e+14	2.2773540000e-17	3.9462525346e-07	5.6712093144e+02	5.7734697582e+02	1.4366560000e+06
1.2161860000e+01	8.8662260000e+14	2.2174750000e-17	3.8192193068e-07	5.6312573073e+02	5.7335235390e+02	1.4389270000e+06
1.2302690000e+01	8.9688930000e+14	2.1676030000e-17	3.7123672654e-07	5.5917313900e+02	5.6939904823e+02	1.4409560000e+06
1.2445150000e+01	9.0727480000e+14	2.1180930000e-17	3.6070359132e-07	5.5525371560e+02	5.6548298760e+02	1.4429860000e+06
1.2589250000e+01	9.1778070000e+14	2.0680100000e-17	3.5014618877e-07	5.5136798477e+02	5.6160415705e+02	1.4450400000e+06
1.2735030000e+01	9.2840820000e+14	2.0173470000e-17	3.3956657307e-07	5.4751995232e+02	5.5776338668e+02	1.4471170000e+06
1.2882500000e+01	9.3915870000e+14	1.9660970000e-17	3.2896660075e-07	5.4371277671e+02	5.5396160473e+02	1.4492180000e+06
1.3031670000e+01	9.5003380000e+14	1.9146080000e-17	3.1841420605e-07	5.3994869391e+02	5.5019964563e+02	1.4513340000e+06
1.3182570000e+01	9.6103510000e+14	1.8724920000e-17	3.0967840226e-07	5.3621928551e+02	5.4647411318e+02	1.4532050000e+06
1.3335210000e+01	9.7216390000e+14	1.8298890000e-17	3.0092073140e-07	5.3251463305e+02	5.4278135240e+02	1.4550970000e+06
1.3489630000e+01	9.8342150000e+14	1.7867930000e-17	2.9214288946e-07	5.2883512050e+02	5.3912179055e+02	1.4570110000e+06
1.3645830000e+01	9.9480950000e+14	1.7431980000e-17	2.8334632378e-07	5.2518174404e+02	5.3549605429e+02	1.4589480000e+06
1.3803840000e+01	1.0063290000e+15	1.6990970000e-17	2.7453265384e-07	5.2155598658e+02	5.3190506325e+02	1.4609070000e+06
1.3963680000e+01	1.0179830000e+15	1.6544860000e-17	2.6570393657e-07	5.1795897453e+02	5.2834926887e+02	1.4628880000e+06
1.4125380000e+01	1.0297700000e+15	1.6179880000e-17	2.5839384646e-07	5.1438272748e+02	5.2482672928e+02	1.4646360000e+06
1.4288940000e+01	1.0416930000e+15	1.5815820000e-17	2.5115631584e-07	5.1081500423e+02	5.2133346427e+02	1.4663880000e+06
1.4454400000e+01	1.0537540000e+15	1.5447550000e-17	2.4390178472e-07	5.0725299541e+02	5.1786940577e+02	1.4681610000e+06
1.4621770000e+01	1.0659550000e+15	1.5075010000e-17	2.3663139616e-07	5.0369470719e+02	5.1443496908e+02	1.4699540000e+06
1.4791080000e+01	1.0782970000e+15	1.4698160000e-17	2.2934667544e-07	5.0013842246e+02	5.1103098035e+02	1.4717680000e+06
1.4962360000e+01	1.0907830000e+15	1.4316940000e-17	2.2204895193e-07	4.9658677070e+02	5.0765782969e+02	1.4736030000e+06
1.5135610000e+01	1.1034130000e+15	1.3982650000e-17	2.1562196860e-07	4.9303035748e+02	5.0431444289e+02	1.4752950000e+06
1.5310870000e+01	1.1161900000e+15	1.3673600000e-17	2.0967764538e-07	4.8945389274e+02	5.0099733952e+02	1.4769130000e+06
1.5488170000e+01	1.1291160000e+15	1.3360980000e-17	2.0371884349e-07	4.8584745076e+02	4.9770537923e+02	1.4785490000e+06
1.5667510000e+01	1.1421900000e+15	1.3044740000e-17	1.9774648830e-07	4.8220564247e+02	4.9443959906e+02	1.4802050000e+06
1.5848930000e+01	1.1554170000e+15	1.2724830000e-17	1.9176165275e-07	4.7852125901e+02	4.9119969391e+02	1.4818800000e+06
1.6032450000e+01	1.1687960000e+15	1.2401220000e-17	1.8576562648e-07	4.7478851210e+02	4.8798693048e+02	1.4835740000e+06
1.6218100000e+01	1.1823300000e+15	1.2081920000e-17	1.7989347260e-07	4.7099870888e+02	4.8480130449e+02	1.4852600000e+06
1.6405900000e+01	1.1960220000e+15	1.1821450000e-17	1.7504283664e-07	4.6713107955e+02	4.8163983597e+02	1.4867510000e+06
1.6595870000e+01	1.2098720000e+15	1.1557980000e-17	1.7017987973e-07	4.6316230935e+02	4.7850024769e+02	1.4882600000e+06
1.6788040000e+01	1.2238820000e+15	1.1291450000e-17	1.6530505007e-07	4.5907657694e+02	4.7538265639e+02	1.4897860000e+06
1.6982440000e+01	1.2380550000e+15	1.1021830000e-17	1.6041930169e-07	4.5485729549e+02	4.7228716299e+02	1.4913300000e+06
1.7179080000e+01	1.2523910000e+15	1.0749090000e-17	1.5552361976e-07	4.5048917407e+02	4.6921461531e+02	1.4928920000e+06
1.7378010000e+01	1.2668940000e+15	1.0473190000e-17	1.5061874572e-07	4.4596302572e+02	4.6616509728e+02	1.4944720000e+06
1.7579240000e+01	1.2815640000e+15	1.0216320000e-17	1.4606012318e-07	4.4126361945e+02	4.6313850291e+02	1.4959830000e+06
1.7782790000e+01	1.2964040000e+15	9.9959340000e-18	1.4211736857e-07	4.3634968212e+02	4.6013200553e+02	1.4973590000e+06
1.7988710000e+01	1.3114160000e+15	9.7729910000e-18	1.3816463342e-07	4.3116703636e+02	4.5714379009e+02	1.4987500000e+06
1.8197010000e+01	1.3266010000e+15	9.5474670000e-18	1.3420263425e-07	4.2566161764e+02	4.5417418033e+02	1.5001570000e+06
1.8407720000e+01	1.3419630000e+15	9.3193320000e-18	1.3023207591e-07	4.1977150887e+02	4.5122307472e+02	1.5015800000e+06
1.8620870000e+01	1.3575020000e+15	9.0885550000e-18	1.2625359590e-07	4.1342573567e+02	4.4829122586e+02	1.5030200000e+06
1.8836490000e+01	1.3732210000e+15	8.8551060000e-18	1.2226797932e-07	4.0653595678e+02	4.4537889256e+02	1.5044770000e+06
1.9054610000e+01	1.3891220000e+15	8.6388370000e-18	1.1858092153e-07	3.9898260553e+02	4.4248555208e+02	1.5058690000e+06
1.9275250000e+01	1.4052060000e+15	8.4537750000e-18	1.1540003216e-07	3.9060231403e+02	4.3960900878e+02	1.5071380000e+06
1.9498450000e+01	1.4214770000e+15	8.2665710000e-18	1.1221081523e-07	3.8118719117e+02	4.3674733093e+02	1.5084220000e+06
1.9724230000e+01	1.4379360000e+15	8.0771990000e-18	1.0901380321e-07	3.7044351761e+02	4.3390088229e+02	1.5097210000e+06
1.9952620000e+01	1.4545860000e+15	7.8856350000e-18	1.0580944250e-07	3.5794895310e+02	4.3106986769e+02	1.5110350000e+06
