Thierry model for IRC10216
#r/R*           r (cm)          rho             p               t_gas           t_dust          v
1.000000e+00	9.242860e+13	9.143140e-10	5.708970e+01	1.769520e+03	1.769520e+03	5.136860e+01
1.011579e+00	9.349888e+13	7.760955e-10	4.739987e+01	1.736017e+03	1.736017e+03	5.915766e+01
1.023293e+00	9.458154e+13	6.533884e-10	3.928331e+01	1.711776e+03	1.711776e+03	6.865059e+01
1.035142e+00	9.567670e+13	5.483236e-10	3.255330e+01	1.692031e+03	1.692031e+03	7.996529e+01
1.047129e+00	9.678463e+13	4.590385e-10	2.696445e+01	1.675332e+03	1.675332e+03	9.332359e+01
1.059254e+00	9.790534e+13	3.839773e-10	2.234835e+01	1.660742e+03	1.660742e+03	1.090511e+02
1.071519e+00	9.903907e+13	3.225771e-10	1.863128e+01	1.647974e+03	1.647974e+03	1.279822e+02
1.083927e+00	1.001861e+14	2.700350e-10	1.548629e+01	1.636386e+03	1.636386e+03	1.497173e+02
1.096478e+00	1.013462e+14	2.279085e-10	1.299156e+01	1.625923e+03	1.625923e+03	1.763899e+02
1.109175e+00	1.025196e+14	1.903087e-10	1.078028e+01	1.615913e+03	1.615913e+03	2.055027e+02
1.122018e+00	1.037066e+14	1.588454e-10	8.942501e+00	1.606576e+03	1.606576e+03	2.401815e+02
1.135011e+00	1.049074e+14	1.335092e-10	7.477656e+00	1.597911e+03	1.597911e+03	2.804264e+02
1.148154e+00	1.061220e+14	1.110863e-10	6.186338e+00	1.589574e+03	1.589574e+03	3.262202e+02
1.161449e+00	1.073507e+14	9.381910e-11	5.201740e+00	1.581861e+03	1.581861e+03	3.811276e+02
1.174898e+00	1.085938e+14	7.803467e-11	4.304027e+00	1.574331e+03	1.574331e+03	4.418394e+02
1.188502e+00	1.098517e+14	6.613532e-11	3.633515e+00	1.567374e+03	1.567374e+03	5.157489e+02
1.202264e+00	1.111240e+14	5.510621e-11	3.013265e+00	1.560526e+03	1.560526e+03	5.964248e+02
1.216186e+00	1.124106e+14	4.680157e-11	2.550019e+00	1.554133e+03	1.554133e+03	6.947583e+02
1.230269e+00	1.137121e+14	3.912756e-11	2.122758e+00	1.547837e+03	1.547837e+03	8.021239e+02
1.244515e+00	1.150287e+14	3.326487e-11	1.798656e+00	1.541914e+03	1.541914e+03	9.313698e+02
1.258925e+00	1.163606e+14	2.793857e-11	1.504849e+00	1.536123e+03	1.536123e+03	1.074134e+03
1.273503e+00	1.177078e+14	2.374615e-11	1.275000e+00	1.530660e+03	1.530660e+03	1.242335e+03
1.288250e+00	1.190709e+14	2.005446e-11	1.073114e+00	1.525323e+03	1.525323e+03	1.431775e+03
1.303167e+00	1.204501e+14	1.702504e-11	9.081967e-01	1.520166e+03	1.520166e+03	1.648169e+03
1.318257e+00	1.218450e+14	1.446989e-11	7.695692e-01	1.515218e+03	1.515218e+03	1.898494e+03
1.333521e+00	1.232557e+14	1.225375e-11	6.497441e-01	1.510407e+03	1.510407e+03	2.174459e+03
1.348963e+00	1.246828e+14	1.048837e-11	5.546897e-01	1.505827e+03	1.505827e+03	2.503456e+03
1.364583e+00	1.261265e+14	8.851108e-12	4.666921e-01	1.501283e+03	1.501283e+03	2.851803e+03
1.380384e+00	1.275868e+14	7.633689e-12	4.016210e-01	1.497061e+03	1.497061e+03	3.281627e+03
1.396368e+00	1.290641e+14	6.486874e-12	3.403907e-01	1.492877e+03	1.492877e+03	3.739916e+03
1.412538e+00	1.305584e+14	5.575021e-12	2.919076e-01	1.488903e+03	1.488903e+03	4.275034e+03
1.428894e+00	1.320704e+14	4.776778e-12	2.495535e-01	1.485035e+03	1.485035e+03	4.874407e+03
1.445440e+00	1.336001e+14	4.082188e-12	2.127919e-01	1.481260e+03	1.481260e+03	5.533510e+03
1.462177e+00	1.351471e+14	3.527724e-12	1.835607e-01	1.477774e+03	1.477774e+03	6.310537e+03
1.479108e+00	1.367119e+14	3.019928e-12	1.568303e-01	1.474351e+03	1.474351e+03	7.146689e+03
1.496236e+00	1.382948e+14	2.610920e-12	1.353653e-01	1.471056e+03	1.471056e+03	8.112708e+03
1.513561e+00	1.398964e+14	2.254311e-12	1.166936e-01	1.467969e+03	1.467969e+03	9.192662e+03
1.531087e+00	1.415168e+14	1.934226e-12	9.997012e-02	1.465020e+03	1.465020e+03	1.035823e+04
1.548817e+00	1.431553e+14	1.685233e-12	8.699080e-02	1.462122e+03	1.462122e+03	1.173514e+04
1.566751e+00	1.448128e+14	1.458358e-12	7.517945e-02	1.459316e+03	1.459316e+03	1.322828e+04
1.584893e+00	1.464895e+14	1.260595e-12	6.490499e-02	1.456637e+03	1.456637e+03	1.486605e+04
1.603245e+00	1.481856e+14	1.100705e-12	5.660697e-02	1.453892e+03	1.453892e+03	1.675151e+04
1.621810e+00	1.499014e+14	9.566386e-13	4.913664e-02	1.451155e+03	1.451155e+03	1.879617e+04
1.640590e+00	1.516370e+14	8.310107e-13	4.263114e-02	1.448450e+03	1.448450e+03	2.103258e+04
1.659587e+00	1.533934e+14	7.286675e-13	3.733418e-02	1.445606e+03	1.445606e+03	2.358132e+04
1.678804e+00	1.551698e+14	6.368487e-13	3.258489e-02	1.442717e+03	1.442717e+03	2.634425e+04
1.698244e+00	1.569664e+14	5.556128e-13	2.838643e-02	1.439788e+03	1.439788e+03	2.933687e+04
1.717908e+00	1.587838e+14	4.890778e-13	2.495074e-02	1.436757e+03	1.436757e+03	3.271926e+04
1.737801e+00	1.606223e+14	4.300582e-13	2.190544e-02	1.433668e+03	1.433668e+03	3.640348e+04
1.757924e+00	1.624822e+14	3.776878e-13	1.920533e-02	1.430517e+03	1.430517e+03	4.039230e+04
1.778279e+00	1.643642e+14	3.324415e-13	1.687459e-02	1.427292e+03	1.427292e+03	4.475811e+04
1.798871e+00	1.662674e+14	2.941027e-13	1.490215e-02	1.424009e+03	1.424009e+03	4.961039e+04
1.819701e+00	1.681924e+14	2.599220e-13	1.314533e-02	1.420677e+03	1.420677e+03	5.486165e+04
1.840772e+00	1.701398e+14	2.296387e-13	1.159050e-02	1.417293e+03	1.417293e+03	6.054128e+04
1.862087e+00	1.721098e+14	2.032267e-13	1.023606e-02	1.413847e+03	1.413847e+03	6.672183e+04
1.883649e+00	1.741033e+14	1.806916e-13	9.081861e-03	1.410309e+03	1.410309e+03	7.354484e+04
1.905461e+00	1.761194e+14	1.606131e-13	8.054453e-03	1.406691e+03	1.406691e+03	8.091091e+04
1.927525e+00	1.781586e+14	1.427854e-13	7.143245e-03	1.402999e+03	1.402999e+03	8.886073e+04
1.949845e+00	1.802213e+14	1.269945e-13	6.337175e-03	1.399236e+03	1.399236e+03	9.743669e+04
1.972423e+00	1.823080e+14	1.132228e-13	5.635110e-03	1.395382e+03	1.395382e+03	1.067406e+05
1.995262e+00	1.844196e+14	1.012613e-13	5.025499e-03	1.391301e+03	1.391301e+03	1.168412e+05
2.018366e+00	1.865551e+14	9.061576e-14	4.483547e-03	1.387104e+03	1.387104e+03	1.276781e+05
2.041738e+00	1.887151e+14	8.116157e-14	4.002576e-03	1.382723e+03	1.382723e+03	1.392791e+05
2.065380e+00	1.909001e+14	7.277877e-14	3.576348e-03	1.378138e+03	1.378138e+03	1.516729e+05
2.089296e+00	1.931105e+14	6.535116e-14	3.199059e-03	1.373372e+03	1.373372e+03	1.648873e+05
2.113489e+00	1.953464e+14	5.877341e-14	2.865164e-03	1.368371e+03	1.368371e+03	1.789423e+05
2.137962e+00	1.976091e+14	5.304198e-14	2.574428e-03	1.363098e+03	1.363098e+03	1.939070e+05
2.162719e+00	1.998972e+14	4.796456e-14	2.317106e-03	1.357587e+03	1.357587e+03	2.096990e+05
2.187762e+00	2.022119e+14	4.337944e-14	2.085010e-03	1.351866e+03	1.351866e+03	2.262811e+05
2.213095e+00	2.045530e+14	3.936866e-14	1.882141e-03	1.345805e+03	1.345805e+03	2.438058e+05
2.238721e+00	2.069220e+14	3.580757e-14	1.702234e-03	1.339477e+03	1.339477e+03	2.620839e+05
2.264644e+00	2.093177e+14	3.263353e-14	1.542109e-03	1.332887e+03	1.332887e+03	2.811103e+05
2.290868e+00	2.117414e+14	2.980167e-14	1.399508e-03	1.326038e+03	1.326038e+03	3.008725e+05
2.317395e+00	2.141935e+14	2.726279e-14	1.271889e-03	1.318920e+03	1.318920e+03	3.213308e+05
2.344229e+00	2.166740e+14	2.496844e-14	1.156779e-03	1.311559e+03	1.311559e+03	3.424021e+05
2.371374e+00	2.191826e+14	2.298148e-14	1.057363e-03	1.303882e+03	1.303882e+03	3.641661e+05
2.398833e+00	2.217204e+14	2.118215e-14	9.676036e-04	1.296014e+03	1.296014e+03	3.864609e+05
2.426610e+00	2.242877e+14	1.950780e-14	8.842681e-04	1.287969e+03	1.287969e+03	4.091964e+05
2.454709e+00	2.268853e+14	1.808005e-14	8.134676e-04	1.279565e+03	1.279565e+03	4.324628e+05
2.483133e+00	2.295128e+14	1.674350e-14	7.473613e-04	1.271026e+03	1.271026e+03	4.560530e+05
2.511886e+00	2.321704e+14	1.555367e-14	6.887913e-04	1.262333e+03	1.262333e+03	4.799983e+05
2.540973e+00	2.348587e+14	1.447088e-14	6.356350e-04	1.253400e+03	1.253400e+03	5.041670e+05
2.570396e+00	2.375779e+14	1.349479e-14	5.878751e-04	1.244226e+03	1.244226e+03	5.285624e+05
2.600160e+00	2.403289e+14	1.259157e-14	5.438459e-04	1.234967e+03	1.234967e+03	5.530717e+05
2.630268e+00	2.431122e+14	1.180324e-14	5.056860e-04	1.225631e+03	1.225631e+03	5.776137e+05
2.660725e+00	2.459276e+14	1.101883e-14	4.677354e-04	1.216177e+03	1.216177e+03	6.023802e+05
2.691535e+00	2.487752e+14	1.039208e-14	4.376623e-04	1.206492e+03	1.206492e+03	6.266722e+05
2.722701e+00	2.516557e+14	9.758073e-15	4.072410e-04	1.196695e+03	1.196695e+03	6.512454e+05
2.754229e+00	2.545697e+14	9.190311e-15	3.801645e-04	1.186923e+03	1.186923e+03	6.755008e+05
2.786121e+00	2.575176e+14	8.693158e-15	3.566523e-04	1.177184e+03	1.177184e+03	6.994052e+05
2.818383e+00	2.604995e+14	8.190247e-15	3.328677e-04	1.167332e+03	1.167332e+03	7.235864e+05
2.851018e+00	2.635160e+14	7.759174e-15	3.126247e-04	1.157468e+03	1.157468e+03	7.469970e+05
2.884032e+00	2.665674e+14	7.369930e-15	2.944485e-04	1.147553e+03	1.147553e+03	7.700452e+05
2.917427e+00	2.696542e+14	6.976180e-15	2.760618e-04	1.137522e+03	1.137522e+03	7.933602e+05
2.951209e+00	2.727766e+14	6.622937e-15	2.596859e-04	1.127640e+03	1.127640e+03	8.160314e+05
2.985383e+00	2.759351e+14	6.321144e-15	2.458606e-04	1.117967e+03	1.117967e+03	8.378388e+05
3.019952e+00	2.791302e+14	6.015856e-15	2.318753e-04	1.108183e+03	1.108183e+03	8.598988e+05
3.054921e+00	2.823623e+14	5.707033e-15	2.177281e-04	1.098286e+03	1.098286e+03	8.822142e+05
3.090295e+00	2.856319e+14	5.469315e-15	2.070236e-04	1.088779e+03	1.088779e+03	9.026024e+05
3.126079e+00	2.889394e+14	5.234661e-15	1.964761e-04	1.079200e+03	1.079200e+03	9.230564e+05
3.162278e+00	2.922852e+14	4.997290e-15	1.858064e-04	1.069512e+03	1.069512e+03	9.437472e+05
3.198895e+00	2.956697e+14	4.758710e-15	1.750873e-04	1.059731e+03	1.059731e+03	9.646162e+05
3.235937e+00	2.990932e+14	4.579535e-15	1.672390e-04	1.050682e+03	1.050682e+03	9.832443e+05
3.273407e+00	3.025564e+14	4.398285e-15	1.592999e-04	1.041527e+03	1.041527e+03	1.002088e+06
3.311311e+00	3.060596e+14	4.214937e-15	1.512688e-04	1.032267e+03	1.032267e+03	1.021150e+06
3.349654e+00	3.096034e+14	4.029465e-15	1.431446e-04	1.022900e+03	1.022900e+03	1.040433e+06
3.388442e+00	3.131885e+14	3.876811e-15	1.365726e-04	1.014010e+03	1.014010e+03	1.058081e+06
3.427678e+00	3.168152e+14	3.737751e-15	1.306477e-04	1.005276e+03	1.005276e+03	1.075116e+06
3.467369e+00	3.204839e+14	3.597082e-15	1.246542e-04	9.964404e+02	9.964404e+02	1.092348e+06
3.507519e+00	3.241951e+14	3.454783e-15	1.185913e-04	9.875026e+02	9.875026e+02	1.109780e+06
3.548134e+00	3.279492e+14	3.310837e-15	1.124581e-04	9.784613e+02	9.784613e+02	1.127414e+06
3.589219e+00	3.317467e+14	3.200749e-15	1.079085e-04	9.702640e+02	9.702640e+02	1.142841e+06
3.630781e+00	3.355882e+14	3.093484e-15	1.034970e-04	9.620812e+02	9.620812e+02	1.158169e+06
3.672823e+00	3.394741e+14	2.984978e-15	9.903451e-05	9.538037e+02	9.538037e+02	1.173675e+06
3.715352e+00	3.434050e+14	2.875214e-15	9.452031e-05	9.454303e+02	9.454303e+02	1.189360e+06
3.758374e+00	3.473815e+14	2.764180e-15	8.995383e-05	9.369600e+02	9.369600e+02	1.205227e+06
3.801894e+00	3.514039e+14	2.669902e-15	8.614771e-05	9.289601e+02	9.289601e+02	1.219733e+06
3.845918e+00	3.554729e+14	2.587857e-15	8.289818e-05	9.212876e+02	9.212876e+02	1.233266e+06
3.890451e+00	3.595890e+14	2.504862e-15	7.961102e-05	9.135262e+02	9.135262e+02	1.246956e+06
3.935501e+00	3.637528e+14	2.420906e-15	7.628580e-05	9.056750e+02	9.056750e+02	1.260805e+06
3.981072e+00	3.679647e+14	2.335978e-15	7.292207e-05	8.977328e+02	8.977328e+02	1.274814e+06
4.027170e+00	3.722255e+14	2.250067e-15	6.951939e-05	8.896987e+02	8.896987e+02	1.288985e+06
4.073803e+00	3.765357e+14	2.179926e-15	6.681865e-05	8.823660e+02	8.823660e+02	1.301577e+06
4.120975e+00	3.808958e+14	2.116998e-15	6.444152e-05	8.753288e+02	8.753288e+02	1.313481e+06
4.168694e+00	3.853065e+14	2.053342e-15	6.203687e-05	8.682101e+02	8.682101e+02	1.325522e+06
4.216965e+00	3.897682e+14	1.988949e-15	5.960438e-05	8.610090e+02	8.610090e+02	1.337703e+06
4.265795e+00	3.942815e+14	1.923810e-15	5.714371e-05	8.537245e+02	8.537245e+02	1.350025e+06
4.315191e+00	3.988472e+14	1.857917e-15	5.465456e-05	8.463556e+02	8.463556e+02	1.362489e+06
4.365158e+00	4.034657e+14	1.793957e-15	5.225012e-05	8.390444e+02	8.390444e+02	1.374757e+06
4.415704e+00	4.081376e+14	1.746309e-15	5.053616e-05	8.325532e+02	8.325532e+02	1.385008e+06
4.466836e+00	4.128636e+14	1.698110e-15	4.880235e-05	8.259868e+02	8.259868e+02	1.395378e+06
4.518559e+00	4.176444e+14	1.649352e-15	4.704847e-05	8.193444e+02	8.193444e+02	1.405868e+06
4.570882e+00	4.224805e+14	1.600030e-15	4.527427e-05	8.126251e+02	8.126251e+02	1.416480e+06
4.623810e+00	4.273726e+14	1.550137e-15	4.347953e-05	8.058280e+02	8.058280e+02	1.427214e+06
4.677351e+00	4.323213e+14	1.499666e-15	4.166401e-05	7.989522e+02	7.989522e+02	1.438073e+06
4.731513e+00	4.373274e+14	1.448610e-15	3.982746e-05	7.919967e+02	7.919967e+02	1.449057e+06
4.786301e+00	4.423914e+14	1.410832e-15	3.853588e-05	7.860383e+02	7.860383e+02	1.458123e+06
4.841724e+00	4.475140e+14	1.374415e-15	3.730280e-05	7.801507e+02	7.801507e+02	1.467029e+06
4.897788e+00	4.526959e+14	1.337576e-15	3.605543e-05	7.741949e+02	7.741949e+02	1.476038e+06
4.954502e+00	4.579379e+14	1.300311e-15	3.479362e-05	7.681701e+02	7.681701e+02	1.485151e+06
5.011872e+00	4.632405e+14	1.262614e-15	3.351720e-05	7.620756e+02	7.620756e+02	1.494370e+06
5.069907e+00	4.686046e+14	1.224481e-15	3.222601e-05	7.559105e+02	7.559105e+02	1.503695e+06
5.128614e+00	4.740307e+14	1.185906e-15	3.091985e-05	7.496740e+02	7.496740e+02	1.513129e+06
5.188000e+00	4.795197e+14	1.146885e-15	2.959858e-05	7.433653e+02	7.433653e+02	1.522672e+06
5.248075e+00	4.850722e+14	1.117990e-15	2.866544e-05	7.378569e+02	7.378569e+02	1.530457e+06
5.308844e+00	4.906891e+14	1.090696e-15	2.779529e-05	7.324446e+02	7.324446e+02	1.537990e+06
5.370318e+00	4.963710e+14	1.063085e-15	2.691507e-05	7.269695e+02	7.269695e+02	1.545611e+06
5.432503e+00	5.021187e+14	1.035155e-15	2.602465e-05	7.214311e+02	7.214311e+02	1.553319e+06
5.495409e+00	5.079329e+14	1.006902e-15	2.512392e-05	7.158285e+02	7.158285e+02	1.561117e+06
5.559043e+00	5.138145e+14	9.783210e-16	2.421277e-05	7.101611e+02	7.101611e+02	1.569006e+06
5.623413e+00	5.197641e+14	9.494094e-16	2.329106e-05	7.044280e+02	7.044280e+02	1.576986e+06
5.688529e+00	5.257827e+14	9.201630e-16	2.235868e-05	6.986286e+02	6.986286e+02	1.585058e+06
5.754399e+00	5.318709e+14	8.905779e-16	2.141550e-05	6.927620e+02	6.927620e+02	1.593223e+06
5.821032e+00	5.380298e+14	8.698623e-16	2.079803e-05	6.879596e+02	6.879596e+02	1.599654e+06
5.888437e+00	5.442599e+14	8.495802e-16	2.019801e-05	6.831844e+02	6.831844e+02	1.606025e+06
5.956621e+00	5.505622e+14	8.290632e-16	1.959105e-05	6.783539e+02	6.783539e+02	1.612471e+06
6.025596e+00	5.569374e+14	8.083087e-16	1.897706e-05	6.734675e+02	6.734675e+02	1.618991e+06
6.095369e+00	5.633865e+14	7.873138e-16	1.835596e-05	6.685245e+02	6.685245e+02	1.625586e+06
6.165950e+00	5.699103e+14	7.660758e-16	1.772767e-05	6.635243e+02	6.635243e+02	1.632258e+06
6.237348e+00	5.765096e+14	7.445919e-16	1.709210e-05	6.584661e+02	6.584661e+02	1.639007e+06
6.309573e+00	5.831853e+14	7.228592e-16	1.644917e-05	6.533494e+02	6.533494e+02	1.645834e+06
6.382635e+00	5.899383e+14	7.008749e-16	1.579880e-05	6.481734e+02	6.481734e+02	1.652740e+06
6.456542e+00	5.967695e+14	6.790201e-16	1.515373e-05	6.429853e+02	6.429853e+02	1.659634e+06
6.531306e+00	6.036798e+14	6.643638e-16	1.475014e-05	6.386644e+02	6.386644e+02	1.664827e+06
6.606934e+00	6.106700e+14	6.495377e-16	1.434187e-05	6.342933e+02	6.342933e+02	1.670080e+06
6.683439e+00	6.177413e+14	6.345400e-16	1.392888e-05	6.298717e+02	6.298717e+02	1.675394e+06
6.760830e+00	6.248944e+14	6.193687e-16	1.351110e-05	6.253989e+02	6.253989e+02	1.680769e+06
6.839116e+00	6.321303e+14	6.040217e-16	1.308849e-05	6.208742e+02	6.208742e+02	1.686206e+06
6.918310e+00	6.394500e+14	5.884969e-16	1.266098e-05	6.162972e+02	6.162972e+02	1.691706e+06
6.998420e+00	6.468545e+14	5.727924e-16	1.222852e-05	6.116672e+02	6.116672e+02	1.697271e+06
7.079458e+00	6.543447e+14	5.569060e-16	1.179106e-05	6.069836e+02	6.069836e+02	1.702899e+06
7.161434e+00	6.619217e+14	5.408357e-16	1.134853e-05	6.022457e+02	6.022457e+02	1.708593e+06
7.244360e+00	6.695864e+14	5.245793e-16	1.090087e-05	5.974530e+02	5.974530e+02	1.714352e+06
7.328245e+00	6.773398e+14	5.086919e-16	1.046566e-05	5.927120e+02	5.927120e+02	1.720034e+06
7.413102e+00	6.851830e+14	4.981539e-16	1.020044e-05	5.889811e+02	5.889811e+02	1.724342e+06
7.498942e+00	6.931170e+14	4.874938e-16	9.932151e-06	5.852069e+02	5.852069e+02	1.728701e+06
7.585776e+00	7.011429e+14	4.767103e-16	9.660754e-06	5.813891e+02	5.813891e+02	1.733110e+06
7.673615e+00	7.092617e+14	4.658019e-16	9.386214e-06	5.775270e+02	5.775270e+02	1.737570e+06
7.762471e+00	7.174745e+14	4.547672e-16	9.108495e-06	5.736202e+02	5.736202e+02	1.742082e+06
7.852356e+00	7.257825e+14	4.436047e-16	8.827561e-06	5.696682e+02	5.696682e+02	1.746646e+06
7.943282e+00	7.341866e+14	4.323130e-16	8.543373e-06	5.656704e+02	5.656704e+02	1.751263e+06
8.035261e+00	7.426880e+14	4.208906e-16	8.255894e-06	5.616264e+02	5.616264e+02	1.755933e+06
8.128305e+00	7.512879e+14	4.093358e-16	7.965087e-06	5.575354e+02	5.575354e+02	1.760657e+06
8.222426e+00	7.599874e+14	3.976473e-16	7.670912e-06	5.533972e+02	5.533972e+02	1.765436e+06
8.317638e+00	7.687876e+14	3.858234e-16	7.373331e-06	5.492110e+02	5.492110e+02	1.770271e+06
8.413951e+00	7.776897e+14	3.738626e-16	7.072304e-06	5.449763e+02	5.449763e+02	1.775161e+06
8.511380e+00	7.866949e+14	3.662040e-16	6.893656e-06	5.415298e+02	5.415298e+02	1.778769e+06
8.609938e+00	7.958044e+14	3.587249e-16	6.720539e-06	5.380940e+02	5.380940e+02	1.782338e+06
8.709636e+00	8.050194e+14	3.511592e-16	6.545418e-06	5.346183e+02	5.346183e+02	1.785948e+06
8.810489e+00	8.143411e+14	3.435058e-16	6.368269e-06	5.311024e+02	5.311024e+02	1.789600e+06
8.912509e+00	8.237707e+14	3.357639e-16	6.189068e-06	5.275458e+02	5.275458e+02	1.793294e+06
9.015711e+00	8.333096e+14	3.279323e-16	6.007793e-06	5.239480e+02	5.239480e+02	1.797031e+06
9.120108e+00	8.429588e+14	3.200100e-16	5.824419e-06	5.203086e+02	5.203086e+02	1.800812e+06
9.225714e+00	8.527199e+14	3.119960e-16	5.638921e-06	5.166270e+02	5.166270e+02	1.804636e+06
9.332543e+00	8.625939e+14	3.038891e-16	5.451275e-06	5.129028e+02	5.129028e+02	1.808504e+06
9.440609e+00	8.725823e+14	2.956884e-16	5.261456e-06	5.091355e+02	5.091355e+02	1.812417e+06
9.549926e+00	8.826863e+14	2.873928e-16	5.069440e-06	5.053245e+02	5.053245e+02	1.816375e+06
9.660509e+00	8.929073e+14	2.790011e-16	4.875199e-06	5.014694e+02	5.014694e+02	1.820380e+06
9.772372e+00	9.032467e+14	2.705122e-16	4.678710e-06	4.975697e+02	4.975697e+02	1.824430e+06
9.885531e+00	9.137058e+14	2.631312e-16	4.512553e-06	4.939839e+02	4.939839e+02	1.828098e+06
1.000000e+01	9.242859e+14	2.570112e-16	4.380878e-06	4.907577e+02	4.907577e+02	1.831328e+06
1.011579e+01	9.349886e+14	2.508205e-16	4.247678e-06	4.874940e+02	4.874940e+02	1.834596e+06
1.023293e+01	9.458152e+14	2.445580e-16	4.112935e-06	4.841926e+02	4.841926e+02	1.837901e+06
1.035142e+01	9.567671e+14	2.382230e-16	3.976633e-06	4.808530e+02	4.808530e+02	1.841245e+06
1.047129e+01	9.678466e+14	2.325298e-16	3.856439e-06	4.776551e+02	4.776551e+02	1.844347e+06
1.059254e+01	9.790548e+14	2.271312e-16	3.743773e-06	4.745112e+02	4.745112e+02	1.847343e+06
1.071519e+01	9.903928e+14	2.216702e-16	3.629803e-06	4.713308e+02	4.713308e+02	1.850375e+06
1.083927e+01	1.001862e+15	2.161459e-16	3.514513e-06	4.681137e+02	4.681137e+02	1.853441e+06
1.096478e+01	1.013464e+15	2.105577e-16	3.397888e-06	4.648593e+02	4.648593e+02	1.856543e+06
1.109175e+01	1.025200e+15	2.055787e-16	3.296131e-06	4.617635e+02	4.617635e+02	1.859384e+06
1.122018e+01	1.037071e+15	2.008458e-16	3.200501e-06	4.587204e+02	4.587204e+02	1.862124e+06
1.135011e+01	1.049079e+15	1.960580e-16	3.103764e-06	4.556420e+02	4.556420e+02	1.864896e+06
1.148154e+01	1.061227e+15	1.912148e-16	3.005906e-06	4.525280e+02	4.525280e+02	1.867699e+06
1.161449e+01	1.073515e+15	1.863155e-16	2.906916e-06	4.493779e+02	4.493779e+02	1.870536e+06
1.174898e+01	1.085945e+15	1.818324e-16	2.817937e-06	4.463655e+02	4.463655e+02	1.873197e+06
1.188502e+01	1.098519e+15	1.777018e-16	2.737471e-06	4.434673e+02	4.434673e+02	1.875712e+06
1.202264e+01	1.111238e+15	1.735235e-16	2.656072e-06	4.405355e+02	4.405355e+02	1.878256e+06
1.216186e+01	1.124105e+15	1.692967e-16	2.573732e-06	4.375698e+02	4.375698e+02	1.880829e+06
1.230269e+01	1.137121e+15	1.650210e-16	2.490438e-06	4.345697e+02	4.345697e+02	1.883432e+06
1.244515e+01	1.150287e+15	1.608600e-16	2.409929e-06	4.316037e+02	4.316037e+02	1.885997e+06
1.258925e+01	1.163608e+15	1.572725e-16	2.342680e-06	4.288637e+02	4.288637e+02	1.888333e+06
1.273503e+01	1.177083e+15	1.536435e-16	2.274653e-06	4.260919e+02	4.260919e+02	1.890697e+06
1.288250e+01	1.190713e+15	1.499725e-16	2.205838e-06	4.232881e+02	4.232881e+02	1.893088e+06
1.303167e+01	1.204502e+15	1.462589e-16	2.136226e-06	4.204517e+02	4.204517e+02	1.895506e+06
1.318257e+01	1.218450e+15	1.425024e-16	2.065808e-06	4.175826e+02	4.175826e+02	1.897952e+06
1.333521e+01	1.232559e+15	1.391918e-16	2.005224e-06	4.148865e+02	4.148865e+02	1.900183e+06
1.348963e+01	1.246831e+15	1.360615e-16	1.948693e-06	4.122514e+02	4.122514e+02	1.902330e+06
1.364583e+01	1.261268e+15	1.328948e-16	1.891507e-06	4.095858e+02	4.095858e+02	1.904502e+06
1.380384e+01	1.275872e+15	1.296916e-16	1.833658e-06	4.068893e+02	4.068893e+02	1.906700e+06
1.396368e+01	1.290645e+15	1.264512e-16	1.775140e-06	4.041615e+02	4.041615e+02	1.908922e+06
1.412538e+01	1.305589e+15	1.231733e-16	1.715944e-06	4.014022e+02	4.014022e+02	1.911171e+06
1.428894e+01	1.320707e+15	1.204755e-16	1.669098e-06	3.989166e+02	3.989166e+02	1.913167e+06
1.445440e+01	1.336000e+15	1.177575e-16	1.621940e-06	3.964077e+02	3.964077e+02	1.915181e+06
1.462177e+01	1.351471e+15	1.150081e-16	1.574237e-06	3.938698e+02	3.938698e+02	1.917219e+06
1.479108e+01	1.367120e+15	1.122268e-16	1.525981e-06	3.913024e+02	3.913024e+02	1.919280e+06
1.496236e+01	1.382951e+15	1.094133e-16	1.477167e-06	3.887054e+02	3.887054e+02	1.921365e+06
1.513561e+01	1.398965e+15	1.066081e-16	1.428607e-06	3.860984e+02	3.860984e+02	1.923450e+06
1.531087e+01	1.415163e+15	1.042937e-16	1.389970e-06	3.837195e+02	3.837195e+02	1.925248e+06
1.548817e+01	1.431549e+15	1.019525e-16	1.350885e-06	3.813131e+02	3.813131e+02	1.927067e+06
1.566751e+01	1.448125e+15	9.958422e-17	1.311348e-06	3.788787e+02	3.788787e+02	1.928907e+06
1.584893e+01	1.464892e+15	9.718848e-17	1.271353e-06	3.764162e+02	3.764162e+02	1.930769e+06
1.603245e+01	1.481854e+15	9.476501e-17	1.230894e-06	3.739252e+02	3.739252e+02	1.932651e+06
1.621810e+01	1.499012e+15	9.231347e-17	1.189968e-06	3.714053e+02	3.714053e+02	1.934556e+06
1.640590e+01	1.516371e+15	9.030836e-17	1.157799e-06	3.691423e+02	3.691423e+02	1.936247e+06
1.659587e+01	1.533931e+15	8.830195e-17	1.125684e-06	3.668663e+02	3.668663e+02	1.937948e+06
1.678804e+01	1.551695e+15	8.627231e-17	1.093198e-06	3.645639e+02	3.645639e+02	1.939668e+06
1.698244e+01	1.569664e+15	8.421917e-17	1.060335e-06	3.622349e+02	3.622349e+02	1.941408e+06
1.717908e+01	1.587841e+15	8.214226e-17	1.027092e-06	3.598789e+02	3.598789e+02	1.943168e+06
1.737801e+01	1.606229e+15	8.004129e-17	9.934633e-07	3.574957e+02	3.574957e+02	1.944948e+06
1.757924e+01	1.624828e+15	7.819182e-17	9.645322e-07	3.552515e+02	3.552515e+02	1.946560e+06
1.778279e+01	1.643642e+15	7.648705e-17	9.383292e-07	3.530819e+02	3.530819e+02	1.948077e+06
1.798871e+01	1.662674e+15	7.476253e-17	9.118228e-07	3.508870e+02	3.508870e+02	1.949611e+06
1.819701e+01	1.681926e+15	7.301805e-17	8.850095e-07	3.486668e+02	3.486668e+02	1.951163e+06
1.840772e+01	1.701400e+15	7.125336e-17	8.578858e-07	3.464209e+02	3.464209e+02	1.952733e+06
1.862087e+01	1.721101e+15	6.946824e-17	8.304479e-07	3.441489e+02	3.441489e+02	1.954321e+06
1.883649e+01	1.741030e+15	6.769041e-17	8.031916e-07	3.418714e+02	3.418714e+02	1.955912e+06
1.905461e+01	1.761190e+15	6.624995e-17	7.820112e-07	3.398331e+02	3.398331e+02	1.957325e+06
1.927525e+01	1.781584e+15	6.479280e-17	7.605856e-07	3.377712e+02	3.377712e+02	1.958754e+06
1.949845e+01	1.802214e+15	6.331877e-17	7.389118e-07	3.356854e+02	3.356854e+02	1.960200e+06
1.972423e+01	1.823083e+15	6.182768e-17	7.169871e-07	3.335755e+02	3.335755e+02	1.961663e+06
1.995262e+01	1.844193e+15	6.031933e-17	6.948085e-07	3.314412e+02	3.314412e+02	1.963142e+06
