#Winters model for IRC10216
#r/R*           r (cm)          rho             p               t_gas           t_dust          v
1.000000e+00	7.290190e+13	6.278480e-11	6.346790e+00	2.231260e+03	2.231260e+03	9.672160e+01
1.011579e+00	7.374610e+13	6.115445e-11	5.588148e+00	2.021397e+03	2.021397e+03	7.697182e+01
1.023293e+00	7.459999e+13	5.849526e-11	4.791442e+00	1.941187e+03	1.941187e+03	7.707640e+01
1.035142e+00	7.546382e+13	5.236407e-11	4.012839e+00	1.892705e+03	1.892705e+03	8.413904e+01
1.047129e+00	7.633769e+13	4.531158e-11	3.332811e+00	1.857768e+03	1.857768e+03	9.507771e+01
1.059254e+00	7.722159e+13	3.859123e-11	2.753534e+00	1.829201e+03	1.829201e+03	1.091996e+02
1.071519e+00	7.811582e+13	3.252746e-11	2.264752e+00	1.804647e+03	1.804647e+03	1.265371e+02
1.083927e+00	7.902032e+13	2.723846e-11	1.858732e+00	1.783009e+03	1.783009e+03	1.475690e+02
1.096478e+00	7.993532e+13	2.273779e-11	1.525640e+00	1.763588e+03	1.763588e+03	1.730319e+02
1.109175e+00	8.086093e+13	1.890836e-11	1.249275e+00	1.745467e+03	1.745467e+03	2.032933e+02
1.122018e+00	8.179727e+13	1.566948e-11	1.020986e+00	1.728695e+03	1.728695e+03	2.392049e+02
1.135011e+00	8.274444e+13	1.300033e-11	8.366388e-01	1.712918e+03	1.712918e+03	2.823872e+02
1.148154e+00	8.370259e+13	1.076264e-11	6.844998e-01	1.697847e+03	1.697847e+03	3.334562e+02
1.161449e+00	8.467178e+13	8.894394e-12	5.594046e-01	1.683493e+03	1.683493e+03	3.936788e+02
1.174898e+00	8.565223e+13	7.357183e-12	4.578825e-01	1.669648e+03	1.669648e+03	4.654379e+02
1.188502e+00	8.664406e+13	6.085109e-12	3.749368e-01	1.656314e+03	1.656314e+03	5.504929e+02
1.202264e+00	8.764737e+13	5.044368e-12	3.079149e-01	1.643450e+03	1.643450e+03	6.521058e+02
1.216186e+00	8.866226e+13	4.181626e-12	2.529431e-01	1.630960e+03	1.630960e+03	7.725406e+02
1.230269e+00	8.968892e+13	3.453028e-12	2.069503e-01	1.618762e+03	1.618762e+03	9.126976e+02
1.244515e+00	9.072750e+13	2.846967e-12	1.690771e-01	1.606869e+03	1.606869e+03	1.076513e+03
1.258925e+00	9.177804e+13	2.348807e-12	1.382674e-01	1.595287e+03	1.595287e+03	1.269216e+03
1.273503e+00	9.284083e+13	1.950936e-12	1.139199e-01	1.583998e+03	1.583998e+03	1.502220e+03
1.288250e+00	9.391586e+13	1.617940e-12	9.370871e-02	1.572922e+03	1.572922e+03	1.775276e+03
1.303167e+00	9.500332e+13	1.340460e-12	7.700917e-02	1.562068e+03	1.562068e+03	2.095096e+03
1.318257e+00	9.610341e+13	1.110007e-12	6.325653e-02	1.551414e+03	1.551414e+03	2.469460e+03
1.333521e+00	9.721626e+13	9.190678e-13	5.195646e-02	1.540942e+03	1.540942e+03	2.907489e+03
1.348963e+00	9.834194e+13	7.610776e-13	4.268524e-02	1.530666e+03	1.530666e+03	3.420003e+03
1.364583e+00	9.948067e+13	6.304297e-13	3.508291e-02	1.520587e+03	1.520587e+03	4.019912e+03
1.380384e+00	1.006326e+14	5.247741e-13	2.898901e-02	1.510720e+03	1.510720e+03	4.734228e+03
1.396368e+00	1.017976e+14	4.368268e-13	2.395498e-02	1.501033e+03	1.501033e+03	5.570136e+03
1.412538e+00	1.029769e+14	3.636717e-13	1.979795e-02	1.491469e+03	1.491469e+03	6.546929e+03
1.428894e+00	1.041694e+14	3.028554e-13	1.636785e-02	1.482053e+03	1.482053e+03	7.688049e+03
1.445440e+00	1.053754e+14	2.523199e-13	1.353838e-02	1.472763e+03	1.472763e+03	9.020299e+03
1.462177e+00	1.065953e+14	2.103122e-13	1.120455e-02	1.463672e+03	1.463672e+03	1.057598e+04
1.479108e+00	1.078299e+14	1.753983e-13	9.278976e-03	1.454708e+03	1.454708e+03	1.239077e+04
1.496236e+00	1.090788e+14	1.463651e-13	7.689476e-03	1.445911e+03	1.445911e+03	1.450798e+04
1.513561e+00	1.103416e+14	1.222068e-13	6.376519e-03	1.437260e+03	1.437260e+03	1.697665e+04
1.531087e+00	1.116191e+14	1.020957e-13	5.291016e-03	1.428714e+03	1.428714e+03	1.985429e+04
1.548817e+00	1.129113e+14	8.532968e-14	4.392767e-03	1.420348e+03	1.420348e+03	2.321010e+04
1.566751e+00	1.142189e+14	7.133959e-14	3.648548e-03	1.412133e+03	1.412133e+03	2.712371e+04
1.584893e+00	1.155416e+14	5.966421e-14	3.031768e-03	1.404056e+03	1.404056e+03	3.168415e+04
1.603245e+00	1.168792e+14	4.992267e-14	2.520681e-03	1.396135e+03	1.396135e+03	3.698941e+04
1.621810e+00	1.182331e+14	4.180360e-14	2.097484e-03	1.388336e+03	1.388336e+03	4.314015e+04
1.640590e+00	1.196022e+14	3.505388e-14	1.747842e-03	1.380655e+03	1.380655e+03	5.022787e+04
1.659587e+00	1.209869e+14	2.946372e-14	1.459875e-03	1.373038e+03	1.373038e+03	5.831889e+04
1.678804e+00	1.223876e+14	2.485417e-14	1.223501e-03	1.365388e+03	1.365388e+03	6.744208e+04
1.698244e+00	1.238055e+14	2.109063e-14	1.031461e-03	1.357771e+03	1.357771e+03	7.763577e+04
1.717908e+00	1.252388e+14	1.803295e-14	8.760276e-04	1.350092e+03	1.350092e+03	8.885849e+04
1.737801e+00	1.266887e+14	1.551781e-14	7.486071e-04	1.342335e+03	1.342335e+03	1.009882e+05
1.757924e+00	1.281559e+14	1.344213e-14	6.438247e-04	1.334544e+03	1.334544e+03	1.139437e+05
1.778279e+00	1.296400e+14	1.172118e-14	5.572562e-04	1.326714e+03	1.326714e+03	1.276393e+05
1.798871e+00	1.311408e+14	1.028754e-14	4.854094e-04	1.318865e+03	1.318865e+03	1.419734e+05
1.819701e+00	1.326600e+14	9.086281e-15	4.254047e-04	1.310965e+03	1.310965e+03	1.568530e+05
1.840772e+00	1.341958e+14	8.093743e-15	3.760180e-04	1.303020e+03	1.303020e+03	1.722332e+05
1.862087e+00	1.357495e+14	7.247913e-15	3.341359e-04	1.295149e+03	1.295149e+03	1.880414e+05
1.883649e+00	1.373217e+14	6.522430e-15	2.983350e-04	1.287218e+03	1.287218e+03	2.041616e+05
1.905461e+00	1.389113e+14	5.896038e-15	2.675304e-04	1.279249e+03	1.279249e+03	2.204644e+05
1.927525e+00	1.405199e+14	5.366959e-15	2.416503e-04	1.271391e+03	1.271391e+03	2.368350e+05
1.949845e+00	1.421478e+14	4.903657e-15	2.190916e-04	1.263529e+03	1.263529e+03	2.534157e+05
1.972423e+00	1.437935e+14	4.496434e-15	1.993609e-04	1.255713e+03	1.255713e+03	2.701230e+05
1.995262e+00	1.454581e+14	4.136708e-15	1.820153e-04	1.247928e+03	1.247928e+03	2.869204e+05
2.018366e+00	1.471426e+14	3.816196e-15	1.666269e-04	1.240132e+03	1.240132e+03	3.037724e+05
2.041738e+00	1.488469e+14	3.532651e-15	1.530860e-04	1.232388e+03	1.232388e+03	3.206277e+05
2.065380e+00	1.505705e+14	3.284779e-15	1.413228e-04	1.224745e+03	1.224745e+03	3.374206e+05
2.089296e+00	1.523137e+14	3.057334e-15	1.305713e-04	1.217108e+03	1.217108e+03	3.542058e+05
2.113489e+00	1.540770e+14	2.849738e-15	1.208003e-04	1.209471e+03	1.209471e+03	3.709758e+05
2.137962e+00	1.558613e+14	2.670372e-15	1.124179e-04	1.201949e+03	1.201949e+03	3.875392e+05
2.162719e+00	1.576664e+14	2.497133e-15	1.043398e-04	1.194401e+03	1.194401e+03	4.041722e+05
2.187762e+00	1.594920e+14	2.350895e-15	9.758192e-05	1.187018e+03	1.187018e+03	4.204683e+05
2.213095e+00	1.613388e+14	2.206772e-15	9.092930e-05	1.179584e+03	1.179584e+03	4.368593e+05
2.238721e+00	1.632069e+14	2.085056e-15	8.535998e-05	1.172281e+03	1.172281e+03	4.528470e+05
2.264644e+00	1.650966e+14	1.961932e-15	7.972616e-05	1.164893e+03	1.164893e+03	4.690198e+05
2.290868e+00	1.670085e+14	1.860944e-15	7.515501e-05	1.157717e+03	1.157717e+03	4.845883e+05
2.317395e+00	1.689425e+14	1.759484e-15	7.056432e-05	1.150467e+03	1.150467e+03	5.003136e+05
2.344229e+00	1.708988e+14	1.668676e-15	6.648111e-05	1.143322e+03	1.143322e+03	5.156958e+05
2.371374e+00	1.728779e+14	1.585811e-15	6.277695e-05	1.136237e+03	1.136237e+03	5.308568e+05
2.398833e+00	1.748798e+14	1.501987e-15	5.902990e-05	1.129070e+03	1.129070e+03	5.461932e+05
2.426610e+00	1.769048e+14	1.433308e-15	5.599625e-05	1.122160e+03	1.122160e+03	5.607589e+05
2.454709e+00	1.789531e+14	1.365495e-15	5.300543e-05	1.115204e+03	1.115204e+03	5.753955e+05
2.483133e+00	1.810252e+14	1.296896e-15	4.997998e-05	1.108169e+03	1.108169e+03	5.902017e+05
2.511886e+00	1.831215e+14	1.241871e-15	4.758575e-05	1.101419e+03	1.101419e+03	6.040755e+05
2.540973e+00	1.852421e+14	1.186891e-15	4.519538e-05	1.094608e+03	1.094608e+03	6.180577e+05
2.570396e+00	1.873872e+14	1.131273e-15	4.277732e-05	1.087719e+03	1.087719e+03	6.322018e+05
2.600160e+00	1.895570e+14	1.083616e-15	4.072658e-05	1.081061e+03	1.081061e+03	6.456580e+05
2.630268e+00	1.917519e+14	1.039446e-15	3.883765e-05	1.074471e+03	1.074471e+03	6.588702e+05
2.660725e+00	1.939722e+14	9.947652e-16	3.692686e-05	1.067805e+03	1.067805e+03	6.722354e+05
2.691535e+00	1.962182e+14	9.501215e-16	3.501905e-05	1.061087e+03	1.061087e+03	6.856854e+05
2.722701e+00	1.984902e+14	9.149769e-16	3.354250e-05	1.054730e+03	1.054730e+03	6.980268e+05
2.754229e+00	2.007886e+14	8.794253e-16	3.204884e-05	1.048300e+03	1.048300e+03	7.105112e+05
2.786121e+00	2.031136e+14	8.434621e-16	3.053790e-05	1.041795e+03	1.041795e+03	7.231402e+05
2.818383e+00	2.054655e+14	8.073394e-16	2.902093e-05	1.035230e+03	1.035230e+03	7.358744e+05
2.851018e+00	2.078445e+14	7.793378e-16	2.786765e-05	1.029078e+03	1.029078e+03	7.473946e+05
2.884032e+00	2.102512e+14	7.510119e-16	2.670103e-05	1.022855e+03	1.022855e+03	7.590481e+05
2.917427e+00	2.126857e+14	7.223581e-16	2.552090e-05	1.016560e+03	1.016560e+03	7.708366e+05
2.951209e+00	2.151483e+14	6.933725e-16	2.432710e-05	1.010191e+03	1.010191e+03	7.827617e+05
2.985383e+00	2.176396e+14	6.681839e-16	2.330106e-05	1.004051e+03	1.004051e+03	7.939997e+05
3.019952e+00	2.201598e+14	6.458598e-16	2.240182e-05	9.980711e+02	9.980711e+02	8.047379e+05
3.054921e+00	2.227091e+14	6.232772e-16	2.149217e-05	9.920216e+02	9.920216e+02	8.156004e+05
3.090295e+00	2.252880e+14	6.004331e-16	2.057199e-05	9.859020e+02	9.859020e+02	8.265886e+05
3.126079e+00	2.278968e+14	5.773245e-16	1.964115e-05	9.797116e+02	9.797116e+02	8.377042e+05
3.162278e+00	2.305357e+14	5.576875e-16	1.886116e-05	9.738142e+02	9.738142e+02	8.480239e+05
3.198895e+00	2.332053e+14	5.401023e-16	1.817065e-05	9.680710e+02	9.680710e+02	8.578995e+05
3.235937e+00	2.359058e+14	5.223135e-16	1.747215e-05	9.622612e+02	9.622612e+02	8.678896e+05
3.273407e+00	2.386376e+14	5.043187e-16	1.676555e-05	9.563842e+02	9.563842e+02	8.779953e+05
3.311311e+00	2.414010e+14	4.861155e-16	1.605078e-05	9.504391e+02	9.504391e+02	8.882180e+05
3.349654e+00	2.441963e+14	4.683863e-16	1.535669e-05	9.445084e+02	9.445084e+02	8.983506e+05
3.388442e+00	2.470239e+14	4.547192e-16	1.483502e-05	9.390276e+02	9.390276e+02	9.073016e+05
3.427678e+00	2.498842e+14	4.408939e-16	1.430731e-05	9.334834e+02	9.334834e+02	9.163562e+05
3.467369e+00	2.527777e+14	4.269084e-16	1.377349e-05	9.278749e+02	9.278749e+02	9.255156e+05
3.507519e+00	2.557046e+14	4.127611e-16	1.323349e-05	9.222015e+02	9.222015e+02	9.347811e+05
3.548134e+00	2.586654e+14	3.984499e-16	1.268724e-05	9.164624e+02	9.164624e+02	9.441539e+05
3.589219e+00	2.616606e+14	3.842123e-16	1.214456e-05	9.106958e+02	9.106958e+02	9.535464e+05
3.630781e+00	2.646905e+14	3.736289e-16	1.175364e-05	9.054834e+02	9.054834e+02	9.616306e+05
3.672823e+00	2.677555e+14	3.629229e-16	1.135819e-05	9.002107e+02	9.002107e+02	9.698085e+05
3.715352e+00	2.708560e+14	3.520929e-16	1.095816e-05	8.948769e+02	8.948769e+02	9.780810e+05
3.758374e+00	2.739924e+14	3.411376e-16	1.055350e-05	8.894813e+02	8.894813e+02	9.864493e+05
3.801894e+00	2.771651e+14	3.300553e-16	1.014415e-05	8.840233e+02	8.840233e+02	9.949145e+05
3.845918e+00	2.803746e+14	3.188448e-16	9.730067e-06	8.785021e+02	8.785021e+02	1.003478e+06
3.890451e+00	2.836212e+14	3.085554e-16	9.353399e-06	8.731294e+02	8.731294e+02	1.011666e+06
3.935501e+00	2.869054e+14	3.004083e-16	9.063198e-06	8.681515e+02	8.681515e+02	1.018927e+06
3.981072e+00	2.902276e+14	2.921668e-16	8.769637e-06	8.631161e+02	8.631161e+02	1.026272e+06
4.027170e+00	2.935883e+14	2.838299e-16	8.472677e-06	8.580223e+02	8.580223e+02	1.033703e+06
4.073803e+00	2.969879e+14	2.753965e-16	8.172278e-06	8.528696e+02	8.528696e+02	1.041219e+06
4.120975e+00	3.004268e+14	2.668654e-16	7.868401e-06	8.476572e+02	8.476572e+02	1.048823e+06
4.168694e+00	3.039056e+14	2.582355e-16	7.561005e-06	8.423844e+02	8.423844e+02	1.056515e+06
4.216965e+00	3.074247e+14	2.495057e-16	7.250049e-06	8.370506e+02	8.370506e+02	1.064295e+06
4.265795e+00	3.109845e+14	2.429421e-16	7.023865e-06	8.322696e+02	8.322696e+02	1.070931e+06
4.315191e+00	3.145856e+14	2.367209e-16	6.811373e-06	8.275468e+02	8.275468e+02	1.077416e+06
4.365158e+00	3.182284e+14	2.304277e-16	6.596421e-06	8.227692e+02	8.227692e+02	1.083975e+06
4.415704e+00	3.219134e+14	2.240617e-16	6.378980e-06	8.179363e+02	8.179363e+02	1.090611e+06
4.466836e+00	3.256410e+14	2.176219e-16	6.159021e-06	8.130475e+02	8.130475e+02	1.097323e+06
4.518559e+00	3.294118e+14	2.111076e-16	5.936515e-06	8.081021e+02	8.081021e+02	1.104113e+06
4.570882e+00	3.332263e+14	2.045178e-16	5.711433e-06	8.030994e+02	8.030994e+02	1.110982e+06
4.623810e+00	3.370849e+14	1.978517e-16	5.483744e-06	7.980387e+02	7.980387e+02	1.117930e+06
4.677351e+00	3.409881e+14	1.923151e-16	5.298601e-06	7.933278e+02	7.933278e+02	1.124164e+06
4.731513e+00	3.449366e+14	1.876720e-16	5.147176e-06	7.888866e+02	7.888866e+02	1.129839e+06
4.786301e+00	3.489307e+14	1.829751e-16	4.993997e-06	7.843939e+02	7.843939e+02	1.135580e+06
4.841724e+00	3.529711e+14	1.782238e-16	4.839045e-06	7.798491e+02	7.798491e+02	1.141388e+06
4.897788e+00	3.570583e+14	1.734176e-16	4.682298e-06	7.752518e+02	7.752518e+02	1.147263e+06
4.954502e+00	3.611929e+14	1.685556e-16	4.523737e-06	7.706012e+02	7.706012e+02	1.153206e+06
5.011872e+00	3.653752e+14	1.636374e-16	4.363339e-06	7.658967e+02	7.658967e+02	1.159217e+06
5.069907e+00	3.696061e+14	1.586622e-16	4.201084e-06	7.611378e+02	7.611378e+02	1.165299e+06
5.128614e+00	3.738859e+14	1.536294e-16	4.036950e-06	7.563238e+02	7.563238e+02	1.171450e+06
5.188000e+00	3.782152e+14	1.491780e-16	3.893906e-06	7.517471e+02	7.517471e+02	1.177168e+06
5.248075e+00	3.825947e+14	1.457610e-16	3.788246e-06	7.476153e+02	7.476153e+02	1.182095e+06
5.308844e+00	3.870249e+14	1.423045e-16	3.681363e-06	7.434355e+02	7.434355e+02	1.187079e+06
5.370318e+00	3.915064e+14	1.388080e-16	3.573242e-06	7.392074e+02	7.392074e+02	1.192120e+06
5.432503e+00	3.960398e+14	1.352710e-16	3.463869e-06	7.349303e+02	7.349303e+02	1.197220e+06
5.495409e+00	4.006257e+14	1.316930e-16	3.353230e-06	7.306037e+02	7.306037e+02	1.202379e+06
5.559043e+00	4.052646e+14	1.280736e-16	3.241309e-06	7.262270e+02	7.262270e+02	1.207598e+06
5.623413e+00	4.099573e+14	1.244123e-16	3.128093e-06	7.217996e+02	7.217996e+02	1.212877e+06
5.688529e+00	4.147044e+14	1.207086e-16	3.013565e-06	7.173210e+02	7.173210e+02	1.218217e+06
5.754399e+00	4.195064e+14	1.169620e-16	2.897711e-06	7.127905e+02	7.127905e+02	1.223619e+06
5.821032e+00	4.243640e+14	1.134248e-16	2.789133e-06	7.083535e+02	7.083535e+02	1.228841e+06
5.888437e+00	4.292779e+14	1.109556e-16	2.717110e-06	7.045063e+02	7.045063e+02	1.233061e+06
5.956621e+00	4.342488e+14	1.084578e-16	2.644253e-06	7.006145e+02	7.006145e+02	1.237330e+06
6.025596e+00	4.392772e+14	1.059312e-16	2.570553e-06	6.966776e+02	6.966776e+02	1.241648e+06
6.095369e+00	4.443639e+14	1.033752e-16	2.495999e-06	6.926951e+02	6.926951e+02	1.246016e+06
6.165950e+00	4.495094e+14	1.007897e-16	2.420582e-06	6.886665e+02	6.886665e+02	1.250435e+06
6.237348e+00	4.547145e+14	9.817421e-17	2.344291e-06	6.845913e+02	6.845913e+02	1.254904e+06
6.309573e+00	4.599799e+14	9.552845e-17	2.267117e-06	6.804688e+02	6.804688e+02	1.259426e+06
6.382635e+00	4.653063e+14	9.285206e-17	2.189050e-06	6.762987e+02	6.762987e+02	1.264000e+06
6.456542e+00	4.706944e+14	9.014467e-17	2.110078e-06	6.720802e+02	6.720802e+02	1.268627e+06
6.531306e+00	4.761448e+14	8.740594e-17	2.030193e-06	6.678129e+02	6.678129e+02	1.273307e+06
6.606934e+00	4.816584e+14	8.463549e-17	1.949382e-06	6.634962e+02	6.634962e+02	1.278042e+06
6.683439e+00	4.872357e+14	8.277757e-17	1.898129e-06	6.598792e+02	6.598792e+02	1.281744e+06
6.760830e+00	4.928776e+14	8.101154e-17	1.849944e-06	6.563102e+02	6.563102e+02	1.285358e+06
6.839116e+00	4.985849e+14	7.922505e-17	1.801200e-06	6.527000e+02	6.527000e+02	1.289014e+06
6.918310e+00	5.043582e+14	7.741788e-17	1.751893e-06	6.490479e+02	6.490479e+02	1.292712e+06
6.998420e+00	5.101984e+14	7.558978e-17	1.702014e-06	6.453535e+02	6.453535e+02	1.296453e+06
7.079458e+00	5.161062e+14	7.374052e-17	1.651558e-06	6.416164e+02	6.416164e+02	1.300237e+06
7.161434e+00	5.220825e+14	7.186984e-17	1.600517e-06	6.378360e+02	6.378360e+02	1.304066e+06
7.244360e+00	5.281279e+14	6.997750e-17	1.548885e-06	6.340118e+02	6.340118e+02	1.307938e+06
7.328245e+00	5.342433e+14	6.806324e-17	1.496656e-06	6.301434e+02	6.301434e+02	1.311855e+06
7.413102e+00	5.404296e+14	6.612682e-17	1.443822e-06	6.262301e+02	6.262301e+02	1.315818e+06
7.498942e+00	5.466875e+14	6.416798e-17	1.390376e-06	6.222715e+02	6.222715e+02	1.319827e+06
7.585776e+00	5.530178e+14	6.218646e-17	1.336311e-06	6.182671e+02	6.182671e+02	1.323882e+06
7.673615e+00	5.594214e+14	6.048187e-17	1.290668e-06	6.145236e+02	6.145236e+02	1.327570e+06
7.762471e+00	5.658992e+14	5.926547e-17	1.259822e-06	6.112572e+02	6.112572e+02	1.330600e+06
7.852356e+00	5.724520e+14	5.803498e-17	1.228619e-06	6.079530e+02	6.079530e+02	1.333664e+06
7.943282e+00	5.790806e+14	5.679024e-17	1.197054e-06	6.046105e+02	6.046105e+02	1.336765e+06
8.035261e+00	5.857860e+14	5.553109e-17	1.165124e-06	6.012294e+02	6.012294e+02	1.339901e+06
8.128305e+00	5.925691e+14	5.425736e-17	1.132824e-06	5.978090e+02	5.978090e+02	1.343073e+06
8.222426e+00	5.994306e+14	5.296888e-17	1.100150e-06	5.943491e+02	5.943491e+02	1.346283e+06
8.317638e+00	6.063717e+14	5.166548e-17	1.067098e-06	5.908491e+02	5.908491e+02	1.349529e+06
8.413951e+00	6.133931e+14	5.034699e-17	1.033663e-06	5.873086e+02	5.873086e+02	1.352813e+06
8.511380e+00	6.204958e+14	4.901323e-17	9.998406e-07	5.837270e+02	5.837270e+02	1.356135e+06
8.609938e+00	6.276808e+14	4.766403e-17	9.656269e-07	5.801040e+02	5.801040e+02	1.359496e+06
8.709636e+00	6.349489e+14	4.629920e-17	9.310169e-07	5.764391e+02	5.764391e+02	1.362895e+06
8.810489e+00	6.423013e+14	4.491857e-17	8.960062e-07	5.727317e+02	5.727317e+02	1.366334e+06
8.912509e+00	6.497387e+14	4.352195e-17	8.605901e-07	5.689814e+02	5.689814e+02	1.369812e+06
9.015711e+00	6.572623e+14	4.236441e-17	8.320006e-07	5.655519e+02	5.655519e+02	1.372911e+06
9.120108e+00	6.648731e+14	4.146009e-17	8.106398e-07	5.624632e+02	5.624632e+02	1.375606e+06
9.225714e+00	6.725720e+14	4.054531e-17	7.890316e-07	5.593387e+02	5.593387e+02	1.378332e+06
9.332543e+00	6.803601e+14	3.961994e-17	7.671732e-07	5.561781e+02	5.561781e+02	1.381090e+06
9.440609e+00	6.882383e+14	3.868384e-17	7.450617e-07	5.529808e+02	5.529808e+02	1.383880e+06
9.549926e+00	6.962078e+14	3.773691e-17	7.226942e-07	5.497466e+02	5.497466e+02	1.386702e+06
9.660509e+00	7.042695e+14	3.677902e-17	7.000677e-07	5.464749e+02	5.464749e+02	1.389557e+06
9.772372e+00	7.124246e+14	3.581003e-17	6.771791e-07	5.431653e+02	5.431653e+02	1.392445e+06
9.885531e+00	7.206741e+14	3.482982e-17	6.540256e-07	5.398173e+02	5.398173e+02	1.395366e+06
1.000000e+01	7.290192e+14	3.383826e-17	6.306039e-07	5.364306e+02	5.364306e+02	1.398322e+06
1.011579e+01	7.374608e+14	3.293899e-17	6.096809e-07	5.331843e+02	5.331843e+02	1.401090e+06
1.023293e+01	7.460002e+14	3.218133e-17	5.925740e-07	5.301635e+02	5.301635e+02	1.403568e+06
1.035142e+01	7.546384e+14	3.141489e-17	5.752690e-07	5.271078e+02	5.271078e+02	1.406074e+06
1.047129e+01	7.633767e+14	3.063959e-17	5.577635e-07	5.240166e+02	5.240166e+02	1.408609e+06
1.059254e+01	7.722161e+14	2.985530e-17	5.400554e-07	5.208897e+02	5.208897e+02	1.411174e+06
1.071519e+01	7.811579e+14	2.907629e-17	5.225109e-07	5.177553e+02	5.177553e+02	1.413737e+06
1.083927e+01	7.902033e+14	2.841989e-17	5.081417e-07	5.148476e+02	5.148476e+02	1.416049e+06
1.096478e+01	7.993535e+14	2.775588e-17	4.936060e-07	5.119063e+02	5.119063e+02	1.418388e+06
1.109175e+01	8.086096e+14	2.708418e-17	4.789021e-07	5.089309e+02	5.089309e+02	1.420753e+06
1.122018e+01	8.179728e+14	2.640471e-17	4.640279e-07	5.059211e+02	5.059211e+02	1.423146e+06
1.135011e+01	8.274446e+14	2.571737e-17	4.489814e-07	5.028764e+02	5.028764e+02	1.425567e+06
1.148154e+01	8.370259e+14	2.510094e-17	4.357225e-07	4.999704e+02	4.999704e+02	1.427831e+06
1.161449e+01	8.467182e+14	2.452910e-17	4.235965e-07	4.971449e+02	4.971449e+02	1.429999e+06
1.174898e+01	8.565227e+14	2.395064e-17	4.113301e-07	4.942867e+02	4.942867e+02	1.432192e+06
1.188502e+01	8.664407e+14	2.336547e-17	3.989217e-07	4.913954e+02	4.913954e+02	1.434411e+06
1.202264e+01	8.764735e+14	2.277354e-17	3.863696e-07	4.884705e+02	4.884705e+02	1.436656e+06
1.216186e+01	8.866226e+14	2.217475e-17	3.736722e-07	4.855119e+02	4.855119e+02	1.438927e+06
1.230269e+01	8.968893e+14	2.167603e-17	3.634087e-07	4.827866e+02	4.827866e+02	1.440956e+06
1.244515e+01	9.072748e+14	2.118093e-17	3.532528e-07	4.800533e+02	4.800533e+02	1.442986e+06
1.258925e+01	9.177807e+14	2.068010e-17	3.429793e-07	4.772883e+02	4.772883e+02	1.445040e+06
1.273503e+01	9.284082e+14	2.017347e-17	3.325869e-07	4.744914e+02	4.744914e+02	1.447117e+06
1.288250e+01	9.391587e+14	1.966097e-17	3.220741e-07	4.716620e+02	4.716620e+02	1.449218e+06
1.303167e+01	9.500338e+14	1.914608e-17	3.115221e-07	4.688097e+02	4.688097e+02	1.451334e+06
1.318257e+01	9.610351e+14	1.872492e-17	3.031738e-07	4.662029e+02	4.662029e+02	1.453205e+06
1.333521e+01	9.721639e+14	1.829889e-17	2.947289e-07	4.635658e+02	4.635658e+02	1.455097e+06
1.348963e+01	9.834215e+14	1.786793e-17	2.861861e-07	4.608983e+02	4.608983e+02	1.457011e+06
1.364583e+01	9.948095e+14	1.743198e-17	2.775445e-07	4.581998e+02	4.581998e+02	1.458948e+06
1.380384e+01	1.006329e+15	1.699097e-17	2.688028e-07	4.554701e+02	4.554701e+02	1.460907e+06
1.396368e+01	1.017983e+15	1.654486e-17	2.599598e-07	4.527088e+02	4.527088e+02	1.462888e+06
1.412538e+01	1.029770e+15	1.617988e-17	2.529585e-07	4.501849e+02	4.501849e+02	1.464636e+06
1.428894e+01	1.041693e+15	1.581582e-17	2.459922e-07	4.476478e+02	4.476478e+02	1.466388e+06
1.445440e+01	1.053754e+15	1.544755e-17	2.389452e-07	4.450814e+02	4.450814e+02	1.468161e+06
1.462177e+01	1.065955e+15	1.507501e-17	2.318167e-07	4.424853e+02	4.424853e+02	1.469954e+06
1.479108e+01	1.078297e+15	1.469816e-17	2.246056e-07	4.398591e+02	4.398591e+02	1.471768e+06
1.496236e+01	1.090783e+15	1.431694e-17	2.173110e-07	4.372025e+02	4.372025e+02	1.473603e+06
1.513561e+01	1.103413e+15	1.398265e-17	2.110495e-07	4.346980e+02	4.346980e+02	1.475295e+06
1.531087e+01	1.116190e+15	1.367360e-17	2.053493e-07	4.322683e+02	4.322683e+02	1.476913e+06
1.548817e+01	1.129116e+15	1.336098e-17	1.995831e-07	4.298105e+02	4.298105e+02	1.478549e+06
1.566751e+01	1.142190e+15	1.304474e-17	1.937502e-07	4.273242e+02	4.273242e+02	1.480205e+06
1.584893e+01	1.155417e+15	1.272483e-17	1.878497e-07	4.248092e+02	4.248092e+02	1.481880e+06
1.603245e+01	1.168796e+15	1.240122e-17	1.818809e-07	4.222650e+02	4.222650e+02	1.483574e+06
1.621810e+01	1.182330e+15	1.208192e-17	1.760119e-07	4.197238e+02	4.197238e+02	1.485260e+06
1.640590e+01	1.196022e+15	1.182145e-17	1.713869e-07	4.174051e+02	4.174051e+02	1.486751e+06
1.659587e+01	1.209872e+15	1.155798e-17	1.667084e-07	4.150596e+02	4.150596e+02	1.488260e+06
1.678804e+01	1.223882e+15	1.129145e-17	1.619756e-07	4.126869e+02	4.126869e+02	1.489786e+06
1.698244e+01	1.238055e+15	1.102183e-17	1.571881e-07	4.102867e+02	4.102867e+02	1.491330e+06
1.717908e+01	1.252391e+15	1.074909e-17	1.523451e-07	4.078588e+02	4.078588e+02	1.492892e+06
1.737801e+01	1.266894e+15	1.047319e-17	1.474461e-07	4.054027e+02	4.054027e+02	1.494472e+06
1.757924e+01	1.281564e+15	1.021632e-17	1.429388e-07	4.030192e+02	4.030192e+02	1.495983e+06
1.778279e+01	1.296404e+15	9.995934e-18	1.391755e-07	4.007873e+02	4.007873e+02	1.497359e+06
1.798871e+01	1.311416e+15	9.772991e-18	1.353687e-07	3.985295e+02	3.985295e+02	1.498750e+06
1.819701e+01	1.326601e+15	9.547467e-18	1.315178e-07	3.962455e+02	3.962455e+02	1.500157e+06
1.840772e+01	1.341963e+15	9.319332e-18	1.276223e-07	3.939352e+02	3.939352e+02	1.501580e+06
1.862087e+01	1.357502e+15	9.088555e-18	1.236818e-07	3.915981e+02	3.915981e+02	1.503020e+06
1.883649e+01	1.373221e+15	8.855106e-18	1.196955e-07	3.892339e+02	3.892339e+02	1.504477e+06
1.905461e+01	1.389122e+15	8.638837e-18	1.160494e-07	3.869468e+02	3.869468e+02	1.505869e+06
1.927525e+01	1.405206e+15	8.453775e-18	1.130160e-07	3.848106e+02	3.848106e+02	1.507138e+06
1.949845e+01	1.421477e+15	8.266571e-18	1.099475e-07	3.826496e+02	3.826496e+02	1.508422e+06
1.972423e+01	1.437936e+15	8.077199e-18	1.068434e-07	3.804636e+02	3.804636e+02	1.509721e+06
1.995262e+01	1.454586e+15	7.885635e-18	1.037034e-07	3.782522e+02	3.782522e+02	1.511035e+06
